Fit             Iteration       K1              K2              alpha           
3.44309000e-01  gen6perm15      9.91236000e-01  1.43381420e+03  1.33205000e+00  
3.64237000e-01  gen6perm39      1.38388000e-01  1.57973638e+02  8.69897000e-01  
3.85850000e-01  gen10perm15     9.05289000e-01  1.57973638e+02  9.53202000e-01  
3.86067000e-01  gen8perm39      9.76992000e-01  1.57973638e+02  9.53202000e-01  
3.89856000e-01  gen10perm39     9.91236000e-01  1.43381420e+03  9.53202000e-01  
4.06692000e-01  gen3perm15      5.80741000e-01  2.86475850e+03  1.33205000e+00  
4.08504000e-01  gen4perm39      5.80741000e-01  2.86475850e+03  1.33205000e+00  
4.09945000e-01  gen2perm15      4.23058000e-01  2.82638315e+03  9.43842000e-01  
4.13407000e-01  gen1perm15      1.52694000e-01  1.67609948e+02  8.62467000e-01  
4.18360000e-01  gen1perm39      9.39869000e-01  8.10551510e+01  1.20252500e+00  
4.26917000e-01  gen7perm39      9.91236000e-01  1.57973638e+02  1.33205000e+00  
4.27017000e-01  gen5perm39      9.39869000e-01  1.67609948e+02  8.69897000e-01  
4.30240000e-01  gen9perm34      9.05289000e-01  1.35715396e+03  9.53202000e-01  
4.31269000e-01  gen7perm15      1.38388000e-01  1.43381420e+03  1.33205000e+00  
4.39479000e-01  gen2perm39      3.77260000e-02  3.92370426e+03  1.40829400e+00  
4.39642000e-01  gen5perm24      9.91236000e-01  1.43381420e+03  9.53202000e-01  
4.43392000e-01  gen8perm15      9.91236000e-01  1.35715396e+03  9.53202000e-01  
4.43765000e-01  gen9perm15      8.98074000e-01  1.57973638e+02  9.53202000e-01  
4.45091000e-01  gen4perm24      7.79200000e-03  6.20269277e+02  1.43292200e+00  
4.52651000e-01  gen8perm34      9.91236000e-01  1.43381420e+03  1.33205000e+00  
4.53115000e-01  gen3perm39      1.52694000e-01  1.67609948e+02  8.69897000e-01  
4.53927000e-01  gen7perm24      9.39869000e-01  1.57973638e+02  7.37998000e-01  
4.66147000e-01  gen2perm34      1.52694000e-01  1.67609948e+02  8.00690000e-01  
4.71346000e-01  gen5perm15      5.80741000e-01  2.86475850e+03  1.11058800e+00  
4.72379000e-01  gen3perm34      1.38388000e-01  1.98445746e+02  1.40829400e+00  
4.73617000e-01  gen6perm24      9.39869000e-01  1.43381420e+03  8.17278000e-01  
4.76758000e-01  gen9perm24      9.91236000e-01  1.35715396e+03  1.33205000e+00  
4.80115000e-01  gen1perm24      7.14362600e+00  1.67967894e+03  9.93518000e-01  
4.81293000e-01  gen1perm34      7.51620300e+00  1.00277158e+02  1.35265600e+00  
4.81480000e-01  gen8perm24      9.91236000e-01  1.43381420e+03  1.33205000e+00  
4.81634000e-01  gen10perm34     9.91236000e-01  1.35715396e+03  9.53202000e-01  
4.83797000e-01  gen4perm15      1.06123700e+00  3.31035123e+03  1.40829400e+00  
4.83921000e-01  gen4perm34      7.79200000e-03  6.20269277e+02  1.39898900e+00  
4.86018000e-01  gen3perm24      9.39869000e-01  1.02464270e+02  1.39898900e+00  
4.87780000e-01  gen10perm4      9.91236000e-01  1.31874103e+03  9.53202000e-01  
4.89065000e-01  gen2perm24      3.46920000e-02  1.43381420e+03  1.37538200e+00  
4.90665000e-01  gen9perm39      9.91236000e-01  1.35715396e+03  9.53202000e-01  
4.97009000e-01  gen6perm4       1.38388000e-01  2.86475850e+03  8.69897000e-01  
5.00210000e-01  gen7perm34      9.91236000e-01  1.23443437e+03  9.53202000e-01  
5.07311000e-01  gen5perm34      1.38388000e-01  1.67609948e+02  8.69897000e-01  
5.08196000e-01  gen10perm24     8.97926000e-01  1.35715396e+03  1.33205000e+00  
5.08571000e-01  gen6perm34      9.91236000e-01  1.43381420e+03  9.53202000e-01  
5.24806000e-01  gen4perm4       1.38388000e-01  1.98445746e+02  1.40829400e+00  
5.32936000e-01  gen1perm4       1.54490000e-02  4.46635800e+03  6.63624000e-01  
5.33394000e-01  gen2perm4       9.91236000e-01  1.43381420e+03  8.69897000e-01  
5.50830000e-01  gen3perm4       1.06123700e+00  3.31035123e+03  1.40829400e+00  
5.57528000e-01  gen7perm4       9.39869000e-01  1.57973638e+02  8.69897000e-01  
5.62179000e-01  gen5perm4       9.91236000e-01  1.43381420e+03  1.33205000e+00  
5.64959000e-01  gen9perm4       9.91236000e-01  1.43381420e+03  9.53202000e-01  
5.79999000e-01  gen8perm4       1.01170100e+00  1.57973638e+02  7.37998000e-01  
6.66364000e-01  gen2perm50      9.39869000e-01  8.10551510e+01  1.14463700e+00  
6.71676000e-01  gen2perm7       7.79200000e-03  6.36342700e+00  1.16660000e+00  
6.78618000e-01  gen10perm50     9.91236000e-01  1.43381420e+03  1.33205000e+00  
6.83325000e-01  gen1perm50      1.26105820e+01  5.85019300e+01  1.44863500e+00  
6.83753000e-01  gen7perm50      1.01170100e+00  1.43381420e+03  9.53202000e-01  
6.86766000e-01  gen5perm50      7.79200000e-03  2.86475850e+03  1.33205000e+00  
6.89422000e-01  gen5perm1       1.06123700e+00  3.31035123e+03  1.40829400e+00  
6.91076000e-01  gen6perm50      7.79200000e-03  2.86475850e+03  1.11058800e+00  
6.98848000e-01  gen9perm50      9.91236000e-01  1.59912207e+03  9.82386000e-01  
6.99518000e-01  gen8perm50      9.39869000e-01  1.57973638e+02  8.69897000e-01  
7.03301000e-01  gen4perm50      9.91236000e-01  1.43381420e+03  9.53202000e-01  
7.16092000e-01  gen3perm50      9.91236000e-01  1.43381420e+03  9.53202000e-01  
7.17322000e-01  gen7perm7       9.91236000e-01  1.43381420e+03  9.53202000e-01  
7.24731000e-01  gen6perm1       5.80741000e-01  2.86475850e+03  1.11058800e+00  
7.27580000e-01  gen9perm1       9.91236000e-01  1.35715396e+03  9.53202000e-01  
7.28924000e-01  gen3perm1       4.23058000e-01  2.82638315e+03  9.43842000e-01  
7.29229000e-01  gen1perm1       1.26650000e-02  7.97742500e+01  7.79636000e-01  
7.32581000e-01  gen1perm7       2.75982100e+00  7.47047580e+02  1.15854600e+00  
7.42382000e-01  gen9perm7       9.76992000e-01  1.35715396e+03  9.53202000e-01  
7.46446000e-01  gen3perm46      8.58144000e-01  3.53946722e+03  1.34784000e+00  
7.48123000e-01  gen10perm42     9.91236000e-01  1.35715396e+03  9.53202000e-01  
7.49959000e-01  gen7perm1       9.91236000e-01  1.43381420e+03  1.33205000e+00  
7.53189000e-01  gen6perm7       1.38388000e-01  1.67609948e+02  1.40829400e+00  
7.55410000e-01  gen8perm1       1.38388000e-01  1.43381420e+03  1.33205000e+00  
7.58363000e-01  gen8perm7       9.39869000e-01  1.57973638e+02  7.37998000e-01  
7.58411000e-01  gen10perm7      9.91236000e-01  1.35715396e+03  9.53202000e-01  
7.59878000e-01  gen5perm7       5.80741000e-01  6.20269277e+02  1.33205000e+00  
7.67920000e-01  gen6perm42      9.39869000e-01  1.67609948e+02  8.69897000e-01  
7.70256000e-01  gen2perm1       1.52694000e-01  1.67609948e+02  8.62467000e-01  
7.74058000e-01  gen10perm1      8.98074000e-01  1.57973638e+02  9.53202000e-01  
7.76840000e-01  gen5perm42      1.38388000e-01  1.98445746e+02  1.49171900e+00  
7.78618000e-01  gen4perm1       5.80741000e-01  2.86475850e+03  1.33205000e+00  
7.79271000e-01  gen5perm48      5.80741000e-01  6.20269277e+02  1.39898900e+00  
7.79347000e-01  gen3perm7       7.79200000e-03  6.20269277e+02  1.34603300e+00  
7.82577000e-01  gen9perm46      9.91236000e-01  1.57973638e+02  1.33205000e+00  
7.83900000e-01  gen3perm42      1.26105820e+01  1.27608923e+03  1.43292200e+00  
7.87756000e-01  gen7perm42      9.91236000e-01  1.43381420e+03  1.33205000e+00  
7.88662000e-01  gen2perm46      2.75944000e-01  5.50134127e+02  1.36367400e+00  
7.92268000e-01  gen4perm46      7.79200000e-03  2.86475850e+03  1.33205000e+00  
7.96572000e-01  gen1perm42      3.47291760e+01  1.33691035e+03  1.05721200e+00  
7.96594000e-01  gen4perm7       9.39869000e-01  1.67609948e+02  8.69897000e-01  
8.02388000e-01  gen9perm42      9.91236000e-01  1.43381420e+03  1.33205000e+00  
8.06817000e-01  gen5perm46      9.39869000e-01  1.67609948e+02  1.43292200e+00  
8.07606000e-01  gen8perm42      1.38388000e-01  1.57973638e+02  1.33205000e+00  
8.13775000e-01  gen8perm46      1.38388000e-01  1.43381420e+03  1.33205000e+00  
8.18254000e-01  gen10perm48     9.91236000e-01  1.35715396e+03  9.53202000e-01  
8.19168000e-01  gen7perm46      5.80741000e-01  2.86475850e+03  8.69897000e-01  
8.21532000e-01  gen9perm48      9.76992000e-01  1.31924732e+02  9.53202000e-01  
8.23106000e-01  gen10perm6      9.05289000e-01  1.35715396e+03  9.53202000e-01  
8.23158000e-01  gen2perm48      1.06123700e+00  3.31035123e+03  9.22038000e-01  
8.29309000e-01  gen2perm42      8.58144000e-01  3.53946722e+03  1.27861200e+00  
8.35446000e-01  gen10perm46     8.98074000e-01  1.43381420e+03  9.53202000e-01  
8.40909000e-01  gen4perm48      1.38388000e-01  1.98445746e+02  1.40829400e+00  
8.40966000e-01  gen4perm42      5.80741000e-01  2.86475850e+03  1.33205000e+00  
8.41732000e-01  gen1perm46      9.91236000e-01  1.43381420e+03  8.29810000e-01  
8.42507000e-01  gen2perm6       2.58260000e-02  4.03246300e+00  1.20612900e+00  
8.44072000e-01  gen7perm6       1.38388000e-01  1.57973638e+02  8.69897000e-01  
8.44180000e-01  gen6perm46      1.38388000e-01  2.86475850e+03  8.69897000e-01  
8.47057000e-01  gen8perm48      9.91236000e-01  1.23443437e+03  1.33205000e+00  
8.50774000e-01  gen5perm6       6.29600000e-03  2.86475850e+03  1.39898900e+00  
8.53276000e-01  gen8perm6       1.38388000e-01  1.43381420e+03  1.33205000e+00  
8.59683000e-01  gen6perm48      5.80741000e-01  1.67609948e+02  1.01049800e+00  
8.63334000e-01  gen3perm48      9.39869000e-01  8.10551510e+01  1.14463700e+00  
8.64792000e-01  gen1perm6       1.06846410e+01  6.21251310e+03  1.08802300e+00  
9.00636000e-01  gen6perm6       1.06123700e+00  3.31035123e+03  8.69897000e-01  
9.00857000e-01  gen9perm6       9.91236000e-01  1.76968432e+02  9.53202000e-01  
9.10812000e-01  gen7perm48      9.91236000e-01  1.43381420e+03  9.53202000e-01  
9.14968000e-01  gen7perm40      9.91236000e-01  1.43381420e+03  9.53202000e-01  
9.16010000e-01  gen4perm6       1.52694000e-01  1.02464270e+02  1.39898900e+00  
9.25414000e-01  gen3perm6       1.08616000e-01  6.36342700e+00  1.16660000e+00  
9.34924000e-01  gen9perm40      9.91236000e-01  1.43381420e+03  9.53202000e-01  
9.36655000e-01  gen3perm40      1.06123700e+00  1.11525790e+03  1.31175300e+00  
9.44832000e-01  gen2perm49      5.80741000e-01  3.53946722e+03  1.30633800e+00  
9.47337000e-01  gen2perm40      1.03350000e-02  1.02464270e+02  1.39898900e+00  
9.48803000e-01  gen1perm48      4.93660000e-02  6.01083100e+00  8.69897000e-01  
9.70990000e-01  gen8perm49      1.59137000e-01  1.43381420e+03  9.53202000e-01  
9.71203000e-01  gen2perm47      2.37591940e+01  1.05620047e+02  8.62760000e-01  
9.72161000e-01  gen10perm40     9.91236000e-01  1.35715396e+03  9.53202000e-01  
9.76448000e-01  gen4perm49      9.39869000e-01  8.10551510e+01  1.14463700e+00  
9.79130000e-01  gen1perm49      1.93346700e+00  1.02319500e+00  1.39969600e+00  
9.84069000e-01  gen6perm40      7.79200000e-03  1.43381420e+03  1.33205000e+00  
9.85215000e-01  gen9perm49      1.01170100e+00  1.57973638e+02  7.37998000e-01  
9.85330000e-01  gen5perm49      7.79200000e-03  2.86475850e+03  1.33205000e+00  
9.85996000e-01  gen7perm47      1.38388000e-01  2.86475850e+03  1.11058800e+00  
9.89539000e-01  gen5perm40      7.62800000e-03  6.20269277e+02  1.43292200e+00  
9.91029000e-01  gen10perm49     8.98074000e-01  1.57973638e+02  9.53202000e-01  
9.91153000e-01  gen9perm47      9.76992000e-01  1.43381420e+03  9.53202000e-01  
9.93819000e-01  gen1perm47      5.34430000e-02  4.98552959e+03  8.60015000e-01  
9.94646000e-01  gen7perm49      9.91236000e-01  1.43381420e+03  1.33205000e+00  
9.95363000e-01  gen4perm40      6.43327000e-01  2.86475850e+03  8.69897000e-01  
9.98800000e-01  gen8perm40      9.39869000e-01  1.57973638e+02  7.37998000e-01  
1.00195900e+00  gen8perm47      9.91236000e-01  1.57973638e+02  1.33205000e+00  
1.00326800e+00  gen6perm47      7.79200000e-03  1.67609948e+02  1.33205000e+00  
1.00368200e+00  gen10perm47     9.91236000e-01  1.57973638e+02  9.53202000e-01  
1.00453700e+00  gen3perm47      1.52694000e-01  1.41213801e+02  8.62467000e-01  
1.00504800e+00  gen5perm47      7.79200000e-03  6.20269277e+02  8.69897000e-01  
1.00833500e+00  gen6perm49      9.39869000e-01  2.86475850e+03  8.69897000e-01  
1.01320400e+00  gen3perm49      9.91236000e-01  1.43381420e+03  8.69897000e-01  
1.02300000e+00  gen1perm40      1.24874600e+00  3.53946722e+03  9.22038000e-01  
1.03063600e+00  gen4perm47      5.80741000e-01  6.20269277e+02  1.34603300e+00  
1.07147900e+00  gen9perm38      9.76992000e-01  1.57973638e+02  9.53202000e-01  
1.08263900e+00  gen1perm41      4.59754000e-01  2.82638315e+03  9.43842000e-01  
1.08817900e+00  gen7perm41      9.39869000e-01  1.43381420e+03  8.17278000e-01  
1.10039200e+00  gen2perm41      1.08616000e-01  6.20269277e+02  1.29328700e+00  
1.10397400e+00  gen10perm41     9.91236000e-01  1.43381420e+03  1.33974800e+00  
1.11051500e+00  gen8perm38      1.01170100e+00  1.43381420e+03  8.69897000e-01  
1.11184200e+00  gen5perm38      7.79200000e-03  6.20269277e+02  1.39898900e+00  
1.11525000e+00  gen6perm41      9.91236000e-01  2.86475850e+03  1.33205000e+00  
1.11966400e+00  gen4perm41      9.91236000e-01  1.43381420e+03  1.33205000e+00  
1.11983900e+00  gen7perm38      1.38388000e-01  1.43381420e+03  8.69897000e-01  
1.11990200e+00  gen3perm38      9.91236000e-01  1.43381420e+03  8.62467000e-01  
1.12179200e+00  gen4perm38      9.39869000e-01  8.10551510e+01  1.14463700e+00  
1.12210300e+00  gen5perm41      5.80741000e-01  2.83217858e+03  1.33205000e+00  
1.12974000e+00  gen9perm41      9.76992000e-01  1.57973638e+02  1.33205000e+00  
1.13037200e+00  gen8perm41      9.39869000e-01  1.57973638e+02  8.69897000e-01  
1.13128200e+00  gen6perm38      5.19867000e-01  2.45369870e+03  1.11058800e+00  
1.13790700e+00  gen3perm41      2.13254000e-01  3.31035123e+03  9.22038000e-01  
1.14861300e+00  gen10perm38     9.91236000e-01  1.35715396e+03  9.53202000e-01  
1.15991100e+00  gen1perm38      3.49397590e+01  1.37373640e+01  1.42236700e+00  
1.16256900e+00  gen10perm14     8.98074000e-01  1.35715396e+03  8.58835000e-01  
1.16337800e+00  gen2perm38      8.58144000e-01  3.31058914e+02  1.27861200e+00  
1.24550600e+00  gen7perm17      9.91236000e-01  1.27679537e+03  8.17278000e-01  
1.24674700e+00  gen10perm17     9.05289000e-01  1.35715396e+03  1.07355800e+00  
1.26449200e+00  gen5perm14      9.91236000e-01  1.43381420e+03  9.53202000e-01  
1.27155900e+00  gen6perm17      9.91236000e-01  1.43572650e+03  8.69897000e-01  
1.27529800e+00  gen4perm17      1.06123700e+00  1.67609948e+02  8.69897000e-01  
1.27892300e+00  gen2perm17      1.52694000e-01  1.34004800e+01  1.27366700e+00  
1.28404900e+00  gen9perm17      9.76992000e-01  1.57973638e+02  7.96776000e-01  
1.28559800e+00  gen7perm14      9.91236000e-01  1.35467542e+02  8.69897000e-01  
1.29356800e+00  gen1perm17      1.16023630e+01  4.41938700e+00  1.33864600e+00  
1.29636900e+00  gen3perm14      6.91848000e-01  3.53946722e+03  1.30633800e+00  
1.31069900e+00  gen9perm14      1.09599500e+00  1.35715396e+03  1.13104600e+00  
1.31262600e+00  gen5perm17      1.06123700e+00  2.86475850e+03  1.33205000e+00  
1.31378200e+00  gen8perm17      9.91236000e-01  1.17475949e+03  1.33205000e+00  
1.31446400e+00  gen3perm17      3.77260000e-02  3.92370426e+03  1.40829400e+00  
1.31730500e+00  gen2perm12      2.00243200e+00  6.01083100e+00  8.69897000e-01  
1.31840900e+00  gen8perm14      9.91236000e-01  1.57973638e+02  1.33205000e+00  
1.31869300e+00  gen6perm14      9.91236000e-01  1.43381420e+03  9.53202000e-01  
1.32051900e+00  gen7perm12      1.38388000e-01  2.86475850e+03  8.17278000e-01  
1.32224300e+00  gen2perm14      6.91848000e-01  3.31035123e+03  1.30633800e+00  
1.32649800e+00  gen6perm12      9.39869000e-01  2.95090833e+03  8.69897000e-01  
1.33318300e+00  gen4perm14      7.79200000e-03  6.20269277e+02  1.21656800e+00  
1.34860800e+00  gen5perm12      1.06123700e+00  3.29149949e+03  1.33205000e+00  
1.35086600e+00  gen10perm13     9.05289000e-01  1.35715396e+03  9.53202000e-01  
1.35192900e+00  gen2perm13      4.93660000e-02  9.36590530e+01  6.29730000e-01  
1.35214500e+00  gen3perm12      4.23058000e-01  3.31035123e+03  9.22038000e-01  
1.35783300e+00  gen10perm12     8.98074000e-01  1.57973638e+02  9.53202000e-01  
1.36221800e+00  gen9perm12      1.01170100e+00  1.26618341e+02  7.37998000e-01  
1.36486700e+00  gen1perm14      1.04560000e-02  1.77306440e+01  9.13175000e-01  
1.36820700e+00  gen9perm13      9.09306000e-01  1.43381420e+03  1.33205000e+00  
1.36851700e+00  gen1perm13      1.95415980e+01  1.34004800e+01  1.27366700e+00  
1.37249000e+00  gen8perm12      9.91236000e-01  1.40144129e+03  9.53202000e-01  
1.37346100e+00  gen6perm13      5.80741000e-01  1.67609948e+02  1.11058800e+00  
1.38334000e+00  gen4perm12      9.39869000e-01  8.10551510e+01  1.14463700e+00  
1.38550900e+00  gen8perm13      9.91236000e-01  1.46951747e+02  1.33205000e+00  
1.39508500e+00  gen3perm13      1.06123700e+00  2.82638315e+03  1.06832600e+00  
1.40169000e+00  gen4perm13      1.52694000e-01  1.67609948e+02  8.69897000e-01  
1.40869300e+00  gen5perm13      5.80741000e-01  2.86475850e+03  1.40829400e+00  
1.40875500e+00  gen7perm13      9.39869000e-01  1.43381420e+03  9.16424000e-01  
1.41346400e+00  gen3perm35      3.77260000e-02  3.92370426e+03  8.00690000e-01  
1.41751100e+00  gen1perm12      1.65057000e-01  1.69960461e+02  1.15959500e+00  
1.43284300e+00  gen1perm35      1.93406000e-01  3.59669791e+02  1.14463700e+00  
1.43318700e+00  gen7perm35      9.91236000e-01  1.43381420e+03  1.33205000e+00  
1.44139400e+00  gen8perm35      1.38388000e-01  1.57973638e+02  1.33205000e+00  
1.44541000e+00  gen9perm45      9.91236000e-01  1.32931830e+02  9.53202000e-01  
1.44700400e+00  gen10perm35     8.98074000e-01  1.57973638e+02  9.53202000e-01  
1.44756900e+00  gen1perm45      3.20509000e-01  1.05620047e+02  1.36367400e+00  
1.44944500e+00  gen5perm35      9.39869000e-01  1.98445746e+02  1.53579900e+00  
1.45125800e+00  gen2perm35      2.13254000e-01  1.11525790e+03  1.31175300e+00  
1.45963500e+00  gen7perm45      9.91236000e-01  1.57973638e+02  1.18668900e+00  
1.46049000e+00  gen5perm45      1.38388000e-01  2.86475850e+03  1.33205000e+00  
1.46615700e+00  gen8perm45      9.39869000e-01  1.57973638e+02  8.69897000e-01  
1.46808600e+00  gen6perm45      6.38358000e-01  2.86475850e+03  1.11058800e+00  
1.47163800e+00  gen4perm35      9.39869000e-01  1.02464270e+02  1.34603300e+00  
1.47937100e+00  gen6perm35      9.91236000e-01  1.35028003e+03  1.33205000e+00  
1.48365100e+00  gen9perm35      9.91236000e-01  1.57973638e+02  9.53202000e-01  
1.49444800e+00  gen2perm45      1.26105820e+01  1.27608923e+03  1.43292200e+00  
1.51475200e+00  gen10perm45     8.98074000e-01  1.35715396e+03  9.53202000e-01  
1.52885800e+00  gen4perm45      9.91236000e-01  1.43381420e+03  1.39898900e+00  
1.53109800e+00  gen4perm29      9.91236000e-01  1.43381420e+03  1.34603300e+00  
1.54272600e+00  gen3perm45      1.52694000e-01  1.67609948e+02  1.36367400e+00  
1.55816300e+00  gen4perm11      7.79200000e-03  2.86475850e+03  1.34603300e+00  
1.55954100e+00  gen2perm44      1.85886600e+00  5.85019300e+01  1.44863500e+00  
1.55994000e+00  gen7perm29      9.91236000e-01  1.43381420e+03  6.98616000e-01  
1.56486000e+00  gen5perm29      5.80741000e-01  2.86475850e+03  1.33205000e+00  
1.56683000e+00  gen2perm11      4.59754000e-01  2.82638315e+03  9.43842000e-01  
1.57111200e+00  gen6perm44      9.91236000e-01  1.43381420e+03  1.33205000e+00  
1.57667900e+00  gen10perm11     9.91236000e-01  1.35715396e+03  9.53202000e-01  
1.57684200e+00  gen3perm44      2.75944000e-01  4.47706772e+02  8.00690000e-01  
1.57898300e+00  gen10perm29     9.05289000e-01  1.57973638e+02  9.53202000e-01  
1.57932100e+00  gen6perm29      9.91236000e-01  2.86475850e+03  1.33205000e+00  
1.58024400e+00  gen8perm44      9.91236000e-01  1.23443437e+03  9.53202000e-01  
1.59247700e+00  gen6perm11      1.03161700e+00  1.67609948e+02  9.53202000e-01  
1.59326500e+00  gen1perm11      2.77184100e+00  6.03269368e+02  7.76078000e-01  
1.59509000e+00  gen5perm11      9.39869000e-01  1.67609948e+02  1.43292200e+00  
1.59576000e+00  gen1perm29      2.58260000e-02  6.36342700e+00  1.20612900e+00  
1.59701900e+00  gen9perm11      1.07833700e+00  1.35715396e+03  1.33205000e+00  
1.59900100e+00  gen2perm29      9.91236000e-01  1.17571251e+03  8.15780000e-01  
1.60762600e+00  gen5perm44      7.79200000e-03  1.98445746e+02  1.40829400e+00  
1.60918100e+00  gen10perm44     9.91236000e-01  1.57973638e+02  9.53202000e-01  
1.61183700e+00  gen3perm29      1.00116000e+00  8.10551510e+01  9.43842000e-01  
1.61232600e+00  gen9perm29      8.28752000e-01  1.57973638e+02  8.69897000e-01  
1.61838000e+00  gen4perm44      9.39869000e-01  1.02464270e+02  9.53202000e-01  
1.62053400e+00  gen7perm11      9.91236000e-01  1.57973638e+02  8.69897000e-01  
1.62104500e+00  gen1perm44      1.50757530e+01  7.53384720e+01  1.07574500e+00  
1.62616000e+00  gen3perm11      1.52694000e-01  3.53946722e+03  1.27861200e+00  
1.63386100e+00  gen7perm44      1.38388000e-01  1.43381420e+03  8.69897000e-01  
1.64182300e+00  gen8perm29      1.38388000e-01  1.43381420e+03  9.53202000e-01  
1.65057400e+00  gen9perm44      9.76992000e-01  1.35715396e+03  8.43153000e-01  
1.66413600e+00  gen8perm11      9.39869000e-01  1.23443437e+03  9.53202000e-01  
1.73473900e+00  gen8perm33      1.38388000e-01  1.43381420e+03  7.37998000e-01  
1.73893100e+00  gen5perm5       7.75400000e-03  3.27176412e+03  9.53202000e-01  
1.75143000e+00  gen5perm33      9.91236000e-01  1.43381420e+03  1.33205000e+00  
1.75576300e+00  gen3perm5       3.77260000e-02  3.92370426e+03  9.22038000e-01  
1.77148400e+00  gen10perm33     9.91236000e-01  1.35715396e+03  1.33205000e+00  
1.77169200e+00  gen1perm5       1.85886600e+00  1.27608923e+03  1.43292200e+00  
1.77298600e+00  gen2perm5       4.93660000e-02  6.01083100e+00  8.29810000e-01  
1.77420000e+00  gen4perm33      9.91236000e-01  1.27608923e+03  9.53202000e-01  
1.77727700e+00  gen7perm5       1.38388000e-01  1.43381420e+03  8.17278000e-01  
1.79728800e+00  gen9perm5       9.91236000e-01  1.35715396e+03  1.33205000e+00  
1.79841800e+00  gen6perm5       5.80741000e-01  1.67609948e+02  1.22640600e+00  
1.80046100e+00  gen4perm5       2.13254000e-01  3.31035123e+03  9.22038000e-01  
1.81276800e+00  gen2perm33      1.15951000e-01  6.20269277e+02  1.21796600e+00  
1.81872100e+00  gen1perm33      5.70400000e-02  1.40471010e+01  6.65100000e-01  
1.82095100e+00  gen8perm5       9.39869000e-01  1.43381420e+03  9.84040000e-01  
1.82396200e+00  gen3perm33      4.23058000e-01  9.36590530e+01  6.29730000e-01  
1.82480200e+00  gen10perm5      9.91236000e-01  1.43381420e+03  9.53202000e-01  
1.85085000e+00  gen1perm36      8.58144000e-01  3.92370426e+03  1.27861200e+00  
1.86218700e+00  gen9perm36      9.76992000e-01  1.35715396e+03  9.53202000e-01  
1.87269200e+00  gen7perm36      9.91236000e-01  1.43381420e+03  8.69897000e-01  
1.87487200e+00  gen5perm36      7.79200000e-03  2.86475850e+03  1.43292200e+00  
1.87536000e+00  gen8perm36      9.91236000e-01  1.43381420e+03  1.33205000e+00  
1.88070700e+00  gen2perm36      1.50757530e+01  1.02319500e+00  1.05215400e+00  
1.88249600e+00  gen3perm36      8.58144000e-01  1.43381420e+03  1.37538200e+00  
1.88408700e+00  gen4perm36      9.91236000e-01  1.43381420e+03  7.95502000e-01  
1.88442700e+00  gen9perm33      8.05847000e-01  1.57973638e+02  1.33205000e+00  
1.88466800e+00  gen7perm33      1.38388000e-01  2.86475850e+03  8.69897000e-01  
1.89038300e+00  gen6perm36      9.91236000e-01  1.43381420e+03  9.53202000e-01  
1.89190900e+00  gen10perm36     8.98074000e-01  1.35715396e+03  9.53202000e-01  
1.89399600e+00  gen4perm26      9.39869000e-01  6.36473046e+02  1.39898900e+00  
1.90597000e+00  gen4perm43      1.08616000e-01  6.36342700e+00  1.16660000e+00  
1.90977100e+00  gen9perm26      9.91236000e-01  1.35715396e+03  9.53202000e-01  
1.91448900e+00  gen1perm26      7.39350000e-02  5.30455337e+02  1.21796600e+00  
1.91613400e+00  gen2perm26      2.82469800e+01  1.67609948e+02  9.84421000e-01  
1.91636900e+00  gen8perm43      9.91236000e-01  1.43381420e+03  1.33205000e+00  
1.91874500e+00  gen6perm26      9.91236000e-01  1.67609948e+02  1.33205000e+00  
1.92217000e+00  gen8perm26      9.91236000e-01  1.00342485e+03  1.33205000e+00  
1.92477400e+00  gen7perm43      7.79200000e-03  2.86475850e+03  1.11058800e+00  
1.93003500e+00  gen3perm43      2.58260000e-02  4.03246300e+00  1.20612900e+00  
1.93294000e+00  gen3perm26      4.23058000e-01  3.15215591e+03  1.30633800e+00  
1.93378000e+00  gen1perm25      5.80741000e-01  3.31035123e+03  1.30633800e+00  
1.93623900e+00  gen7perm26      9.39869000e-01  1.22448720e+03  8.17278000e-01  
1.93911900e+00  gen1perm43      3.16930000e-02  2.73919869e+02  1.17061800e+00  
1.93991400e+00  gen6perm33      1.38388000e-01  1.67609948e+02  8.69897000e-01  
1.94120200e+00  gen6perm43      9.91236000e-01  1.43381420e+03  9.53202000e-01  
1.94346800e+00  gen5perm43      5.80741000e-01  2.86475850e+03  1.40829400e+00  
1.94434700e+00  gen5perm26      5.80741000e-01  2.86475850e+03  1.33205000e+00  
1.94726900e+00  gen6perm25      9.91236000e-01  1.67609948e+02  9.53202000e-01  
1.94759800e+00  gen5perm25      4.85985000e-01  2.86475850e+03  1.33205000e+00  
1.94881100e+00  gen8perm25      1.38388000e-01  1.57973638e+02  1.33205000e+00  
1.94950000e+00  gen9perm43      9.76992000e-01  1.57973638e+02  9.53202000e-01  
1.95189700e+00  gen10perm26     9.79374000e-01  1.57973638e+02  1.33205000e+00  
1.95794000e+00  gen2perm43      1.24874600e+00  3.92370426e+03  9.22038000e-01  
1.96135000e+00  gen2perm25      1.06737800e+00  6.23771431e+02  8.29810000e-01  
1.97589500e+00  gen9perm25      9.91236000e-01  1.43381420e+03  8.54996000e-01  
1.98378200e+00  gen10perm43     9.05289000e-01  1.35715396e+03  9.53202000e-01  
1.98418100e+00  gen7perm25      1.38388000e-01  1.43381420e+03  8.69897000e-01  
1.99415800e+00  gen4perm25      1.26105820e+01  1.27608923e+03  1.57693600e+00  
1.99909300e+00  gen10perm25     9.91236000e-01  1.35715396e+03  9.53202000e-01  
2.00426300e+00  gen3perm25      1.03350000e-02  8.10551510e+01  1.14463700e+00  
2.00579300e+00  gen10perm37     9.91236000e-01  1.57973638e+02  9.53202000e-01  
2.00643400e+00  gen7perm37      1.38388000e-01  2.86475850e+03  1.19820500e+00  
2.00707000e+00  gen8perm37      1.38388000e-01  1.57973638e+02  1.33205000e+00  
2.01246300e+00  gen1perm37      2.13254000e-01  1.11525790e+03  1.31175300e+00  
2.01471500e+00  gen4perm37      1.38388000e-01  2.25384644e+02  1.40829400e+00  
2.01543000e+00  gen3perm37      3.46920000e-02  3.84894288e+03  1.27861200e+00  
2.01848100e+00  gen6perm37      5.69276000e-01  2.86475850e+03  1.22652700e+00  
2.02953400e+00  gen9perm37      9.91236000e-01  1.57973638e+02  9.53202000e-01  
2.02975200e+00  gen5perm37      5.80741000e-01  6.20269277e+02  1.33205000e+00  
2.03889800e+00  gen2perm37      2.03307300e+00  7.53384720e+01  1.39969600e+00  
2.05355100e+00  gen1perm27      5.26700000e-03  1.71599300e+00  5.64629000e-01  
2.06595900e+00  gen2perm27      1.52694000e-01  1.33691035e+03  8.62467000e-01  
2.07089600e+00  gen6perm27      9.39869000e-01  1.43381420e+03  8.69897000e-01  
2.08374800e+00  gen7perm22      9.91236000e-01  1.43381420e+03  1.31112400e+00  
2.08962600e+00  gen3perm22      2.75944000e-01  9.36590530e+01  6.29730000e-01  
2.09219200e+00  gen1perm22      2.97210000e-02  8.43895875e+03  1.21452000e+00  
2.09300100e+00  gen8perm22      9.39869000e-01  1.57973638e+02  7.37998000e-01  
2.09647700e+00  gen9perm22      9.76992000e-01  1.57973638e+02  9.53202000e-01  
2.09800400e+00  gen6perm22      9.91236000e-01  1.43381420e+03  9.53202000e-01  
2.10062000e+00  gen4perm22      9.39869000e-01  1.02464270e+02  1.33205000e+00  
2.10421500e+00  gen10perm22     9.05289000e-01  1.57973638e+02  9.53202000e-01  
2.10757800e+00  gen2perm22      4.59754000e-01  2.82638315e+03  9.43842000e-01  
2.11091100e+00  gen9perm27      9.76992000e-01  1.57973638e+02  9.53202000e-01  
2.12066200e+00  gen3perm27      5.80741000e-01  3.53946722e+03  9.43842000e-01  
2.12356000e+00  gen5perm22      7.79200000e-03  1.43381420e+03  9.53202000e-01  
2.12654800e+00  gen7perm27      9.91236000e-01  1.15748338e+03  9.53202000e-01  
2.14669700e+00  gen5perm27      7.79200000e-03  6.20269277e+02  1.39898900e+00  
2.15377900e+00  gen4perm27      7.79200000e-03  1.02464270e+02  1.34603300e+00  
2.16347600e+00  gen9perm19      9.91236000e-01  1.43381420e+03  1.33205000e+00  
2.16646600e+00  gen5perm19      7.79200000e-03  3.31035123e+03  1.39898900e+00  
2.17035000e+00  gen6perm19      7.79200000e-03  2.86475850e+03  8.69897000e-01  
2.17110900e+00  gen10perm19     9.91236000e-01  1.35715396e+03  9.53202000e-01  
2.17426700e+00  gen4perm19      5.80741000e-01  1.41213801e+02  8.62467000e-01  
2.18993200e+00  gen3perm19      5.80741000e-01  3.53946722e+03  1.29328700e+00  
2.19619200e+00  gen7perm19      9.91236000e-01  1.43381420e+03  8.69897000e-01  
2.19902200e+00  gen8perm19      8.89014000e-01  1.57973638e+02  1.33205000e+00  
2.19905200e+00  gen10perm27     9.91236000e-01  1.35715396e+03  9.53202000e-01  
2.20902800e+00  gen4perm31      9.91236000e-01  1.43381420e+03  1.33205000e+00  
2.21221900e+00  gen2perm19      9.39869000e-01  8.10551510e+01  1.31565000e+00  
2.21401400e+00  gen1perm19      1.44290000e-02  2.79778960e+03  1.20394700e+00  
2.21502300e+00  gen5perm28      1.38388000e-01  1.87903873e+02  1.62314900e+00  
2.21634200e+00  gen10perm28     8.98074000e-01  1.35715396e+03  9.53202000e-01  
2.22522500e+00  gen8perm27      1.38388000e-01  1.43381420e+03  9.53202000e-01  
2.22538300e+00  gen2perm28      1.93406000e-01  3.59669791e+02  1.02165800e+00  
2.23619600e+00  gen9perm28      8.25542000e-01  1.57973638e+02  9.53202000e-01  
2.23631300e+00  gen8perm32      9.39869000e-01  1.57973638e+02  1.55854100e+00  
2.23643200e+00  gen4perm28      7.79200000e-03  6.20269277e+02  9.53202000e-01  
2.23691300e+00  gen6perm28      5.80741000e-01  1.43381420e+03  1.11058800e+00  
2.23746500e+00  gen1perm28      1.15951000e-01  6.20269277e+02  1.39898900e+00  
2.24272800e+00  gen10perm32     9.91236000e-01  1.43381420e+03  9.53202000e-01  
2.24370100e+00  gen8perm28      9.91236000e-01  1.23443437e+03  1.33205000e+00  
2.24654800e+00  gen10perm31     8.98074000e-01  1.35715396e+03  8.60621000e-01  
2.24894100e+00  gen7perm28      1.38388000e-01  2.86475850e+03  1.33205000e+00  
2.25421200e+00  gen3perm28      4.23058000e-01  2.82638315e+03  1.14463700e+00  
2.25453200e+00  gen3perm31      8.58144000e-01  3.53946722e+03  1.27861200e+00  
2.26945900e+00  gen6perm31      1.38388000e-01  1.43381420e+03  9.53202000e-01  
2.27274900e+00  gen6perm32      5.80741000e-01  2.86475850e+03  1.11058800e+00  
2.27406100e+00  gen9perm31      9.91236000e-01  1.36052952e+02  1.33205000e+00  
2.27726400e+00  gen4perm32      1.26105820e+01  1.43381420e+03  1.43292200e+00  
2.27960500e+00  gen1perm32      7.79200000e-03  4.03246300e+00  1.16660000e+00  
2.28084600e+00  gen7perm32      1.51233000e-01  1.57973638e+02  8.69897000e-01  
2.28978700e+00  gen2perm32      7.39350000e-02  5.30455337e+02  1.39898900e+00  
2.29822800e+00  gen5perm32      5.80741000e-01  2.86475850e+03  9.53202000e-01  
2.31373000e+00  gen8perm31      1.38388000e-01  1.57973638e+02  7.37998000e-01  
2.32175700e+00  gen1perm31      2.37591940e+01  5.50134127e+02  8.62760000e-01  
2.32214600e+00  gen3perm32      4.93660000e-02  2.82638315e+03  9.43842000e-01  
2.32600500e+00  gen7perm31      1.11844700e+00  1.43381420e+03  9.53202000e-01  
2.32846400e+00  gen5perm31      1.38388000e-01  1.02464270e+02  1.39898900e+00  
2.33152200e+00  gen2perm31      7.14362600e+00  1.67967894e+03  9.93518000e-01  
2.34807500e+00  gen9perm32      9.76992000e-01  1.43381420e+03  9.53202000e-01  
2.34810300e+00  gen3perm9       9.91236000e-01  3.31035123e+03  9.22038000e-01  
2.34850800e+00  gen6perm10      1.38388000e-01  1.43381420e+03  8.69897000e-01  
2.35047900e+00  gen9perm10      9.91236000e-01  1.43381420e+03  9.53202000e-01  
2.35059200e+00  gen8perm10      9.91236000e-01  1.57973638e+02  7.37998000e-01  
2.36212900e+00  gen8perm16      1.38388000e-01  1.57973638e+02  1.33205000e+00  
2.37053300e+00  gen10perm10     9.05289000e-01  1.35715396e+03  1.33205000e+00  
2.37164000e+00  gen1perm9       3.77260000e-02  3.31058914e+02  1.40829400e+00  
2.37366700e+00  gen3perm10      8.58144000e-01  1.67609948e+02  8.62467000e-01  
2.37368900e+00  gen4perm10      5.80741000e-01  6.20269277e+02  1.33205000e+00  
2.37448400e+00  gen1perm10      3.46920000e-02  6.23771431e+02  1.37538200e+00  
2.37475900e+00  gen7perm16      9.39869000e-01  1.43381420e+03  1.33205000e+00  
2.38154000e+00  gen2perm10      7.39350000e-02  5.30455337e+02  1.21796600e+00  
2.38220800e+00  gen5perm10      6.71700000e-03  6.20269277e+02  8.69897000e-01  
2.38227500e+00  gen1perm16      1.03350000e-02  1.02464270e+02  1.29328700e+00  
2.38307600e+00  gen10perm16     8.01861000e-01  1.35715396e+03  1.12303500e+00  
2.38475900e+00  gen4perm9       9.39869000e-01  1.21671437e+02  1.40829400e+00  
2.38556500e+00  gen6perm16      9.39869000e-01  1.67609948e+02  9.53202000e-01  
2.38813300e+00  gen5perm16      5.80741000e-01  3.31035123e+03  1.40829400e+00  
2.38832900e+00  gen4perm16      1.52694000e-01  3.31035123e+03  1.40829400e+00  
2.38882900e+00  gen3perm16      1.52694000e-01  1.67609948e+02  8.00690000e-01  
2.39224500e+00  gen2perm9       1.93406000e-01  1.19452470e+01  1.42236700e+00  
2.39365400e+00  gen10perm9      8.15728000e-01  1.43381420e+03  9.53202000e-01  
2.39507700e+00  gen8perm9       9.39869000e-01  1.48400186e+02  7.37998000e-01  
2.39566800e+00  gen5perm9       6.03571000e-01  1.98445746e+02  1.40829400e+00  
2.39939600e+00  gen9perm16      1.01170100e+00  1.57973638e+02  9.30520000e-01  
2.40162700e+00  gen2perm16      1.95415980e+01  1.67609948e+02  8.62467000e-01  
2.40734700e+00  gen6perm9       7.79200000e-03  2.86475850e+03  1.33205000e+00  
2.41397000e+00  gen7perm9       1.38388000e-01  1.57973638e+02  1.43247600e+00  
2.41626400e+00  gen7perm10      1.38388000e-01  1.43381420e+03  1.33205000e+00  
2.42216400e+00  gen1perm30      5.80900000e-03  1.97935477e+03  1.25225200e+00  
2.42600100e+00  gen9perm9       9.91236000e-01  1.35715396e+03  9.54033000e-01  
2.43332300e+00  gen6perm30      9.91236000e-01  1.67609948e+02  8.69897000e-01  
2.44177400e+00  gen4perm30      5.80741000e-01  2.86475850e+03  9.53202000e-01  
2.44518700e+00  gen8perm30      9.39869000e-01  1.43381420e+03  1.33205000e+00  
2.45283600e+00  gen2perm30      5.80900000e-03  1.97935477e+03  1.25225200e+00  
2.45304500e+00  gen10perm30     9.91236000e-01  1.57973638e+02  9.53202000e-01  
2.45458300e+00  gen3perm30      3.46920000e-02  1.43381420e+03  1.42986800e+00  
2.46251200e+00  gen5perm30      1.52694000e-01  1.98445746e+02  1.40829400e+00  
2.46649800e+00  gen9perm30      1.01170100e+00  1.39123510e+03  7.37998000e-01  
2.48037200e+00  gen7perm30      1.14971200e+00  1.43381420e+03  1.33205000e+00  
2.89341200e+00  gen5perm2       1.38388000e-01  5.35511567e+02  1.39898900e+00  
2.90369000e+00  gen7perm2       9.91236000e-01  1.43381420e+03  9.53202000e-01  
2.90495900e+00  gen8perm2       9.91236000e-01  1.57973638e+02  1.33205000e+00  
2.91685400e+00  gen2perm2       1.93406000e-01  3.53946722e+03  9.22038000e-01  
2.92130200e+00  gen9perm2       9.91236000e-01  1.43381420e+03  1.33205000e+00  
2.95995400e+00  gen4perm2       1.08616000e-01  7.24552600e+00  1.16660000e+00  
2.97048000e+00  gen3perm2       2.58260000e-02  1.43381420e+03  1.04717300e+00  
2.98430700e+00  gen1perm2       1.23535800e+00  6.10455210e+01  7.25872000e-01  
3.00169700e+00  gen6perm2       5.80741000e-01  2.86475850e+03  1.33205000e+00  
3.01652900e+00  gen4perm3       4.23058000e-01  2.82638315e+03  9.43842000e-01  
3.03183700e+00  gen2perm3       1.24874600e+00  3.54813925e+02  1.20368600e+00  
3.04388600e+00  gen8perm3       9.39869000e-01  1.57973638e+02  7.37998000e-01  
3.05607300e+00  gen3perm3       3.46920000e-02  4.03246300e+00  1.37538200e+00  
3.05751800e+00  gen10perm2      9.91236000e-01  1.35715396e+03  9.53202000e-01  
3.06460300e+00  gen5perm3       7.79200000e-03  1.98445746e+02  1.40829400e+00  
3.07040900e+00  gen6perm3       5.80741000e-01  6.20269277e+02  1.11058800e+00  
3.07909100e+00  gen9perm3       9.91236000e-01  1.43381420e+03  1.33205000e+00  
3.08127900e+00  gen1perm3       4.05011600e+00  4.26292253e+03  5.68184000e-01  
3.09911000e+00  gen10perm3      9.05289000e-01  1.35715396e+03  9.53202000e-01  
3.12699100e+00  gen3perm21      1.52694000e-01  1.67609948e+02  8.00690000e-01  
3.12767200e+00  gen7perm21      5.80741000e-01  1.43381420e+03  9.19160000e-01  
3.13489100e+00  gen8perm21      9.39869000e-01  1.23443437e+03  9.53202000e-01  
3.14388100e+00  gen7perm3       1.06799800e+00  1.43381420e+03  1.33205000e+00  
3.16410200e+00  gen9perm21      9.91236000e-01  1.35715396e+03  7.37998000e-01  
3.17138700e+00  gen10perm21     9.87666000e-01  1.35715396e+03  9.53202000e-01  
3.18148900e+00  gen4perm21      1.08616000e-01  1.43381420e+03  1.16660000e+00  
3.18967000e+00  gen6perm21      9.39869000e-01  1.43381420e+03  1.13927000e+00  
3.19673500e+00  gen1perm21      2.43429400e+00  5.59576655e+03  5.36593000e-01  
3.21513600e+00  gen2perm21      2.43429400e+00  4.94616783e+03  7.79636000e-01  
3.24217200e+00  gen5perm21      1.21702900e+00  2.98385539e+03  1.43292200e+00  
4.14509600e+00  gen7perm8       9.91236000e-01  1.43381420e+03  8.69897000e-01  
4.16311400e+00  gen10perm8      9.91236000e-01  1.35715396e+03  9.42054000e-01  
4.16652200e+00  gen8perm8       9.91236000e-01  1.57973638e+02  1.33205000e+00  
4.19166900e+00  gen9perm8       1.01170100e+00  1.87666210e+02  7.29926000e-01  
4.21131300e+00  gen3perm8       1.06123700e+00  1.43381420e+03  8.69897000e-01  
4.22731200e+00  gen4perm8       1.38388000e-01  1.98445746e+02  1.39898900e+00  
4.25788500e+00  gen1perm8       2.00243200e+00  9.36590530e+01  6.29730000e-01  
4.26732400e+00  gen2perm8       3.49397590e+01  3.59669791e+02  1.14463700e+00  
4.27676800e+00  gen6perm8       9.91236000e-01  1.43381420e+03  1.33205000e+00  
4.32205300e+00  gen5perm8       1.38388000e-01  2.86475850e+03  1.33205000e+00  
4.37693900e+00  gen9perm20      1.01170100e+00  1.57973638e+02  9.53202000e-01  
4.38510000e+00  gen3perm20      8.58144000e-01  3.31058914e+02  1.27861200e+00  
4.38559300e+00  gen6perm20      9.91236000e-01  1.67609948e+02  8.69897000e-01  
4.39447900e+00  gen8perm20      9.91236000e-01  1.57973638e+02  7.37998000e-01  
4.40085000e+00  gen7perm20      9.39869000e-01  2.86475850e+03  1.11058800e+00  
4.41182700e+00  gen10perm20     9.05289000e-01  1.35715396e+03  9.53202000e-01  
4.41601500e+00  gen1perm20      8.01383500e+00  7.02939800e+00  7.95246000e-01  
4.43989600e+00  gen4perm20      9.91236000e-01  6.36342700e+00  9.53202000e-01  
4.47179600e+00  gen5perm20      7.79200000e-03  6.20269277e+02  1.40829400e+00  
4.48996600e+00  gen2perm20      1.26650000e-02  7.97742500e+01  5.36593000e-01  
7.38716000e+00  gen5perm23      9.91236000e-01  2.86475850e+03  1.33205000e+00  
7.44506200e+00  gen9perm23      9.91236000e-01  1.43381420e+03  1.33205000e+00  
7.44723000e+00  gen8perm23      1.38388000e-01  1.43381420e+03  1.33205000e+00  
7.45938300e+00  gen3perm23      5.62510000e-02  5.50134127e+02  1.36367400e+00  
7.46069400e+00  gen7perm23      9.91236000e-01  1.43381420e+03  9.53202000e-01  
7.46489800e+00  gen5perm18      1.06123700e+00  6.20269277e+02  1.40829400e+00  
7.47891500e+00  gen4perm23      5.80741000e-01  2.86475850e+03  1.39898900e+00  
7.48755800e+00  gen2perm23      2.75982100e+00  7.47047580e+02  1.15854600e+00  
7.49061600e+00  gen1perm23      2.59302260e+01  5.71355599e+02  5.01927000e-01  
7.50186500e+00  gen10perm23     8.98074000e-01  1.35715396e+03  9.53202000e-01  
7.50400000e+00  gen6perm23      1.38388000e-01  1.67609948e+02  8.69897000e-01  
7.51339700e+00  gen1perm18      3.74414000e-01  1.32458000e+00  5.17361000e-01  
7.53152400e+00  gen4perm18      1.52694000e-01  2.86475850e+03  1.33205000e+00  
7.55346300e+00  gen8perm18      1.14723500e+00  1.57973638e+02  7.37998000e-01  
7.57109800e+00  gen2perm18      1.93406000e-01  3.59669791e+02  1.20252500e+00  
7.57434800e+00  gen6perm18      9.39869000e-01  1.67242693e+02  1.33205000e+00  
7.59324900e+00  gen9perm18      9.76992000e-01  1.57973638e+02  9.53202000e-01  
7.61294600e+00  gen3perm18      1.08616000e-01  6.20269277e+02  1.30633800e+00  
7.63208500e+00  gen7perm18      1.38388000e-01  1.57973638e+02  1.28769900e+00  
7.68983800e+00  gen10perm18     9.31525000e-01  1.52564201e+03  9.53202000e-01  
