Fit             Iteration       K2RT            KD1             kdephos         km1             km2             kphos           
1.91590351e+03  495             -1.31651590e+01 -1.96742900e+01 -2.03295416e+02 -4.43911900e+01 1.92936140e+02  -2.61850722e+02 
1.91590358e+03  498             -1.31653850e+01 -1.96743160e+01 -2.03292832e+02 -4.43914180e+01 1.92936131e+02  -2.61848851e+02 
1.91590382e+03  499             -1.31650370e+01 -1.96743140e+01 -2.03301105e+02 -4.43912810e+01 1.92936339e+02  -2.61851452e+02 
1.91590427e+03  488             -1.31650240e+01 -1.96744860e+01 -2.03302575e+02 -4.43902620e+01 1.92936643e+02  -2.61847082e+02 
1.91590432e+03  493             -1.31648430e+01 -1.96745230e+01 -2.03303234e+02 -4.43902110e+01 1.92936680e+02  -2.61845939e+02 
1.91590444e+03  494             -1.31654400e+01 -1.96745190e+01 -2.03302662e+02 -4.43901580e+01 1.92936436e+02  -2.61848203e+02 
1.91590444e+03  497             -1.31660990e+01 -1.96744740e+01 -2.03300692e+02 -4.43908930e+01 1.92936318e+02  -2.61851251e+02 
1.91590446e+03  481             -1.31660970e+01 -1.96744560e+01 -2.03300799e+02 -4.43904300e+01 1.92936327e+02  -2.61851062e+02 
1.91590465e+03  489             -1.31659290e+01 -1.96742690e+01 -2.03304790e+02 -4.43901000e+01 1.92936297e+02  -2.61851125e+02 
1.91590477e+03  483             -1.31701780e+01 -1.96734290e+01 -2.03283805e+02 -4.43917040e+01 1.92935591e+02  -2.61879628e+02 
1.91590479e+03  492             -1.31701710e+01 -1.96736540e+01 -2.03284117e+02 -4.43917230e+01 1.92935648e+02  -2.61879943e+02 
1.91590481e+03  484             -1.31701670e+01 -1.96734740e+01 -2.03285666e+02 -4.43918810e+01 1.92935437e+02  -2.61879950e+02 
1.91590481e+03  476             -1.31701760e+01 -1.96737090e+01 -2.03284501e+02 -4.43918100e+01 1.92935656e+02  -2.61880024e+02 
1.91590482e+03  490             -1.31691110e+01 -1.96742600e+01 -2.03289100e+02 -4.43920190e+01 1.92936119e+02  -2.61865401e+02 
1.91590483e+03  482             -1.31696760e+01 -1.96747000e+01 -2.03283222e+02 -4.43919440e+01 1.92936489e+02  -2.61871265e+02 
1.91590483e+03  485             -1.31700720e+01 -1.96741200e+01 -2.03286812e+02 -4.43920400e+01 1.92935597e+02  -2.61880453e+02 
1.91590483e+03  496             -1.31701840e+01 -1.96734890e+01 -2.03285321e+02 -4.43917780e+01 1.92935617e+02  -2.61879455e+02 
1.91590485e+03  479             -1.31701240e+01 -1.96734300e+01 -2.03287536e+02 -4.43920720e+01 1.92935374e+02  -2.61879032e+02 
1.91590488e+03  478             -1.31701690e+01 -1.96732710e+01 -2.03287523e+02 -4.43921770e+01 1.92935360e+02  -2.61878854e+02 
1.91590488e+03  473             -1.31701650e+01 -1.96733180e+01 -2.03287523e+02 -4.43921740e+01 1.92935360e+02  -2.61878868e+02 
1.91590489e+03  465             -1.31700750e+01 -1.96743930e+01 -2.03288247e+02 -4.43921880e+01 1.92935358e+02  -2.61879234e+02 
1.91590490e+03  459             -1.31700940e+01 -1.96739730e+01 -2.03287596e+02 -4.43920750e+01 1.92935325e+02  -2.61878940e+02 
1.91590491e+03  463             -1.31701460e+01 -1.96738060e+01 -2.03287286e+02 -4.43920700e+01 1.92935362e+02  -2.61878970e+02 
1.91590491e+03  474             -1.31700750e+01 -1.96742750e+01 -2.03287586e+02 -4.43921550e+01 1.92935312e+02  -2.61879082e+02 
1.91590492e+03  454             -1.31701010e+01 -1.96740550e+01 -2.03287457e+02 -4.43921510e+01 1.92935273e+02  -2.61878669e+02 
1.91590492e+03  464             -1.31700940e+01 -1.96739700e+01 -2.03287601e+02 -4.43920720e+01 1.92935327e+02  -2.61878950e+02 
1.91590493e+03  458             -1.31701540e+01 -1.96738070e+01 -2.03289360e+02 -4.43920870e+01 1.92935356e+02  -2.61879088e+02 
1.91590494e+03  470             -1.31700730e+01 -1.96743830e+01 -2.03288208e+02 -4.43921780e+01 1.92935367e+02  -2.61879293e+02 
1.91590494e+03  468             -1.31700630e+01 -1.96746390e+01 -2.03287543e+02 -4.43920840e+01 1.92935359e+02  -2.61879265e+02 
1.91590494e+03  469             -1.31700930e+01 -1.96743660e+01 -2.03287857e+02 -4.43921340e+01 1.92935367e+02  -2.61879211e+02 
1.91590494e+03  475             -1.31700770e+01 -1.96743970e+01 -2.03288268e+02 -4.43921900e+01 1.92935354e+02  -2.61879217e+02 
1.91590496e+03  480             -1.31701740e+01 -1.96739440e+01 -2.03287648e+02 -4.43921790e+01 1.92935363e+02  -2.61878721e+02 
1.91590498e+03  462             -1.31660360e+01 -1.96739430e+01 -2.03303809e+02 -4.43774240e+01 1.92936599e+02  -2.61845753e+02 
1.91590502e+03  486             -1.31700510e+01 -1.96743130e+01 -2.03291576e+02 -4.43922110e+01 1.92935280e+02  -2.61879390e+02 
1.91590504e+03  487             -1.31700700e+01 -1.96747480e+01 -2.03288274e+02 -4.43921160e+01 1.92935231e+02  -2.61877283e+02 
1.91590510e+03  460             -1.31701360e+01 -1.96746560e+01 -2.03289322e+02 -4.43924700e+01 1.92935115e+02  -2.61877631e+02 
1.91590514e+03  471             -1.31701190e+01 -1.96748510e+01 -2.03286600e+02 -4.43918020e+01 1.92935121e+02  -2.61874448e+02 
1.91590522e+03  477             -1.31701840e+01 -1.96742890e+01 -2.03290696e+02 -4.43921490e+01 1.92935639e+02  -2.61875649e+02 
1.91590524e+03  453             -1.31701910e+01 -1.96750310e+01 -2.03290549e+02 -4.43920900e+01 1.92934214e+02  -2.61876816e+02 
1.91590524e+03  455             -1.31701400e+01 -1.96746650e+01 -2.03293238e+02 -4.43925540e+01 1.92934995e+02  -2.61877545e+02 
1.91590528e+03  450             -1.31701420e+01 -1.96746660e+01 -2.03293005e+02 -4.43925440e+01 1.92935127e+02  -2.61876591e+02 
1.91590531e+03  461             -1.31699420e+01 -1.96752780e+01 -2.03292359e+02 -4.43928880e+01 1.92936409e+02  -2.61873938e+02 
1.91590534e+03  457             -1.31703220e+01 -1.96752300e+01 -2.03295202e+02 -4.43942170e+01 1.92935871e+02  -2.61882280e+02 
1.91590535e+03  447             -1.31691300e+01 -1.96747800e+01 -2.03282453e+02 -4.43920950e+01 1.92939238e+02  -2.61850313e+02 
1.91590537e+03  467             -1.31700730e+01 -1.96747990e+01 -2.03292356e+02 -4.43922350e+01 1.92936549e+02  -2.61873467e+02 
1.91590538e+03  452             -1.31701600e+01 -1.96762890e+01 -2.03285294e+02 -4.43940510e+01 1.92933972e+02  -2.61871428e+02 
1.91590540e+03  446             -1.31666070e+01 -1.96739930e+01 -2.03304482e+02 -4.43766480e+01 1.92936447e+02  -2.61845281e+02 
1.91590542e+03  449             -1.31702940e+01 -1.96762510e+01 -2.03283754e+02 -4.43941860e+01 1.92933871e+02  -2.61871455e+02 
1.91590548e+03  448             -1.31702980e+01 -1.96763580e+01 -2.03289825e+02 -4.43935280e+01 1.92933675e+02  -2.61875708e+02 
1.91590548e+03  436             -1.31702580e+01 -1.96763030e+01 -2.03287872e+02 -4.43940610e+01 1.92934557e+02  -2.61873150e+02 
1.91590569e+03  443             -1.31701630e+01 -1.96755290e+01 -2.03290867e+02 -4.43934750e+01 1.92933494e+02  -2.61866814e+02 
1.91590583e+03  444             -1.31703160e+01 -1.96761540e+01 -2.03283638e+02 -4.43943030e+01 1.92940054e+02  -2.61862839e+02 
1.91590586e+03  466             -1.31696380e+01 -1.96747300e+01 -2.03290984e+02 -4.43923470e+01 1.92936443e+02  -2.61854689e+02 
1.91590603e+03  491             -1.31701970e+01 -1.96743750e+01 -2.03312357e+02 -4.43923350e+01 1.92935498e+02  -2.61879774e+02 
1.91590609e+03  439             -1.31703630e+01 -1.96742200e+01 -2.03280664e+02 -4.43920680e+01 1.92941961e+02  -2.61850124e+02 
1.91590619e+03  440             -1.31697510e+01 -1.96741840e+01 -2.03291261e+02 -4.43920880e+01 1.92938844e+02  -2.61849513e+02 
1.91590620e+03  433             -1.31697680e+01 -1.96741770e+01 -2.03291261e+02 -4.43920890e+01 1.92938845e+02  -2.61849580e+02 
1.91590621e+03  438             -1.31697650e+01 -1.96741490e+01 -2.03291275e+02 -4.43921900e+01 1.92938852e+02  -2.61849313e+02 
1.91590621e+03  445             -1.31702000e+01 -1.96746880e+01 -2.03286851e+02 -4.43922660e+01 1.92938595e+02  -2.61851435e+02 
1.91590626e+03  432             -1.31697760e+01 -1.96741410e+01 -2.03291087e+02 -4.43922880e+01 1.92938827e+02  -2.61848215e+02 
1.91590626e+03  427             -1.31697790e+01 -1.96741410e+01 -2.03291086e+02 -4.43922870e+01 1.92938827e+02  -2.61848213e+02 
1.91590631e+03  422             -1.31698510e+01 -1.96741420e+01 -2.03291052e+02 -4.43922740e+01 1.92938829e+02  -2.61848172e+02 
1.91590635e+03  430             -1.31707260e+01 -1.96742520e+01 -2.03277633e+02 -4.43920500e+01 1.92945205e+02  -2.61848042e+02 
1.91590637e+03  428             -1.31701940e+01 -1.96739880e+01 -2.03291264e+02 -4.43921090e+01 1.92938861e+02  -2.61851293e+02 
1.91590646e+03  423             -1.31704270e+01 -1.96739400e+01 -2.03290232e+02 -4.43927390e+01 1.92938720e+02  -2.61851307e+02 
1.91590647e+03  435             -1.31697880e+01 -1.96741280e+01 -2.03293663e+02 -4.43920770e+01 1.92942528e+02  -2.61848184e+02 
1.91590654e+03  418             -1.31704190e+01 -1.96739830e+01 -2.03291249e+02 -4.43927450e+01 1.92938779e+02  -2.61850833e+02 
1.91590665e+03  442             -1.31686810e+01 -1.96744240e+01 -2.03301049e+02 -4.43923050e+01 1.92938720e+02  -2.61841850e+02 
1.91590672e+03  441             -1.31700270e+01 -1.96739840e+01 -2.03299232e+02 -4.43925570e+01 1.92941218e+02  -2.61851739e+02 
1.91590684e+03  420             -1.31712950e+01 -1.96741800e+01 -2.03279504e+02 -4.43919260e+01 1.92943904e+02  -2.61846181e+02 
1.91590705e+03  425             -1.31709640e+01 -1.96739020e+01 -2.03291031e+02 -4.43929860e+01 1.92937749e+02  -2.61847079e+02 
1.91590746e+03  417             -1.31716540e+01 -1.96741700e+01 -2.03290194e+02 -4.43919450e+01 1.92938877e+02  -2.61847155e+02 
1.91590759e+03  451             -1.31707260e+01 -1.96743360e+01 -2.03302141e+02 -4.43918570e+01 1.92939229e+02  -2.61847741e+02 
1.91590783e+03  412             -1.31718320e+01 -1.96742160e+01 -2.03294573e+02 -4.43919330e+01 1.92938701e+02  -2.61847791e+02 
1.91590832e+03  472             -1.31718800e+01 -1.96750180e+01 -2.03333717e+02 -4.43924090e+01 1.92936377e+02  -2.61882646e+02 
1.91590848e+03  419             -1.31727720e+01 -1.96766680e+01 -2.03354104e+02 -4.43943150e+01 1.92949599e+02  -2.61917391e+02 
1.91590872e+03  424             -1.31704350e+01 -1.96745750e+01 -2.03311586e+02 -4.43933100e+01 1.92950292e+02  -2.61840952e+02 
1.91590904e+03  413             -1.31702130e+01 -1.96750520e+01 -2.03316244e+02 -4.43929000e+01 1.92940233e+02  -2.61839190e+02 
1.91590998e+03  406             -1.31722780e+01 -1.96745740e+01 -2.03310569e+02 -4.43934610e+01 1.92950342e+02  -2.61837241e+02 
1.91591037e+03  431             -1.31733420e+01 -1.96753220e+01 -2.03316140e+02 -4.43920260e+01 1.92940708e+02  -2.61846533e+02 
1.91591146e+03  456             -1.31727930e+01 -1.96770820e+01 -2.03348961e+02 -4.43923650e+01 1.92938837e+02  -2.61866546e+02 
1.91591152e+03  415             -1.31701210e+01 -1.96746950e+01 -2.03351273e+02 -4.43918770e+01 1.92949272e+02  -2.61850854e+02 
1.91591295e+03  426             -1.31774090e+01 -1.96748370e+01 -2.03303753e+02 -4.43919460e+01 1.92937018e+02  -2.61830920e+02 
1.91591503e+03  437             -1.31738760e+01 -1.96746070e+01 -2.03375838e+02 -4.43906550e+01 1.92938940e+02  -2.61861184e+02 
1.91591662e+03  429             -1.31815640e+01 -1.96753310e+01 -2.03322140e+02 -4.43563030e+01 1.92932457e+02  -2.61832892e+02 
1.91591904e+03  407             -1.31761620e+01 -1.96753210e+01 -2.03401002e+02 -4.43916260e+01 1.92934418e+02  -2.61863247e+02 
1.91592019e+03  434             -1.31730730e+01 -1.96749700e+01 -2.03409534e+02 -4.43918360e+01 1.92936960e+02  -2.61854369e+02 
1.91592075e+03  421             -1.31796480e+01 -1.96751690e+01 -2.03404009e+02 -4.43904960e+01 1.92932938e+02  -2.61864545e+02 
1.91592183e+03  400             -1.31811290e+01 -1.96752500e+01 -2.03401488e+02 -4.43917460e+01 1.92933799e+02  -2.61857699e+02 
1.91592183e+03  405             -1.31811270e+01 -1.96752500e+01 -2.03401492e+02 -4.43917460e+01 1.92933799e+02  -2.61857699e+02 
1.91592183e+03  410             -1.31811310e+01 -1.96752500e+01 -2.03401481e+02 -4.43917460e+01 1.92933799e+02  -2.61857699e+02 
1.91592184e+03  395             -1.31811830e+01 -1.96752500e+01 -2.03401384e+02 -4.43917530e+01 1.92933800e+02  -2.61857695e+02 
1.91592214e+03  390             -1.31824500e+01 -1.96752510e+01 -2.03398960e+02 -4.43919060e+01 1.92933819e+02  -2.61857596e+02 
1.91592302e+03  416             -1.31788530e+01 -1.96752930e+01 -2.03423925e+02 -4.43930910e+01 1.92931073e+02  -2.61865694e+02 
1.91592345e+03  404             -1.31811280e+01 -1.96745950e+01 -2.03419907e+02 -4.43965520e+01 1.92934744e+02  -2.61864354e+02 
1.91592391e+03  408             -1.31801450e+01 -1.96753620e+01 -2.03402425e+02 -4.43917780e+01 1.92934287e+02  -2.61836511e+02 
1.91592435e+03  414             -1.31885030e+01 -1.96758070e+01 -2.03392648e+02 -4.43916700e+01 1.92932712e+02  -2.61860645e+02 
1.91592649e+03  399             -1.31843690e+01 -1.96735130e+01 -2.03442844e+02 -4.44126810e+01 1.92944160e+02  -2.61876785e+02 
1.91592922e+03  379             -1.31896650e+01 -1.96751050e+01 -2.03423519e+02 -4.43912130e+01 1.92936734e+02  -2.61850144e+02 
1.91592950e+03  403             -1.31794330e+01 -1.96759860e+01 -2.03403282e+02 -4.43917670e+01 1.92934446e+02  -2.61793511e+02 
1.91592985e+03  396             -1.31882100e+01 -1.96744900e+01 -2.03431919e+02 -4.43910480e+01 1.92936786e+02  -2.61848297e+02 
1.91592998e+03  402             -1.31944720e+01 -1.96753350e+01 -2.03421446e+02 -4.43915670e+01 1.92934341e+02  -2.61864679e+02 
1.91593415e+03  398             -1.31835050e+01 -1.96734180e+01 -2.03405295e+02 -4.43914370e+01 1.92931197e+02  -2.61769741e+02 
1.91593517e+03  393             -1.32032400e+01 -1.96730210e+01 -2.03324892e+02 -4.43946830e+01 1.92940040e+02  -2.61755759e+02 
1.91593585e+03  409             -1.32073300e+01 -1.96752720e+01 -2.03348496e+02 -4.43904530e+01 1.92931323e+02  -2.61886052e+02 
1.91593693e+03  397             -1.32009540e+01 -1.96751250e+01 -2.03229165e+02 -4.43922800e+01 1.92930435e+02  -2.61872070e+02 
1.91593853e+03  392             -1.32039640e+01 -1.96741640e+01 -2.03202932e+02 -4.43943320e+01 1.92943732e+02  -2.61797206e+02 
1.91593981e+03  385             -1.32116150e+01 -1.96752760e+01 -2.03343165e+02 -4.43954260e+01 1.92934261e+02  -2.61855320e+02 
1.91594139e+03  411             -1.32090080e+01 -1.96682740e+01 -2.03219326e+02 -4.42352910e+01 1.92931186e+02  -2.61590616e+02 
1.91594513e+03  381             -1.32165990e+01 -1.96731880e+01 -2.03293864e+02 -4.44170860e+01 1.92946625e+02  -2.61759248e+02 
1.91594514e+03  391             -1.32164890e+01 -1.96732250e+01 -2.03293752e+02 -4.44001200e+01 1.92951946e+02  -2.61755511e+02 
1.91594515e+03  386             -1.32164800e+01 -1.96733990e+01 -2.03294018e+02 -4.44002230e+01 1.92952071e+02  -2.61758755e+02 
1.91594515e+03  383             -1.32165360e+01 -1.96729220e+01 -2.03293799e+02 -4.43972470e+01 1.92952114e+02  -2.61756534e+02 
1.91594516e+03  378             -1.32165400e+01 -1.96729790e+01 -2.03293781e+02 -4.43968050e+01 1.92952105e+02  -2.61756443e+02 
1.91594520e+03  369             -1.32165590e+01 -1.96732380e+01 -2.03293945e+02 -4.44004530e+01 1.92952088e+02  -2.61757265e+02 
1.91594521e+03  382             -1.32165790e+01 -1.96730920e+01 -2.03293708e+02 -4.43968510e+01 1.92952125e+02  -2.61757234e+02 
1.91594521e+03  380             -1.32165600e+01 -1.96731440e+01 -2.03293047e+02 -4.43969750e+01 1.92951995e+02  -2.61753994e+02 
1.91594523e+03  375             -1.32165740e+01 -1.96731540e+01 -2.03292912e+02 -4.43893480e+01 1.92951900e+02  -2.61751305e+02 
1.91594525e+03  377             -1.32165950e+01 -1.96731990e+01 -2.03293637e+02 -4.43959630e+01 1.92952063e+02  -2.61752380e+02 
1.91594528e+03  370             -1.32166220e+01 -1.96735270e+01 -2.03296086e+02 -4.43864730e+01 1.92951391e+02  -2.61750027e+02 
1.91594531e+03  362             -1.32166250e+01 -1.96735640e+01 -2.03293396e+02 -4.43877380e+01 1.92952016e+02  -2.61753819e+02 
1.91594531e+03  372             -1.32166290e+01 -1.96735210e+01 -2.03293404e+02 -4.43891650e+01 1.92952021e+02  -2.61751944e+02 
1.91594532e+03  367             -1.32166290e+01 -1.96736050e+01 -2.03293321e+02 -4.43865200e+01 1.92952008e+02  -2.61755182e+02 
1.91594538e+03  373             -1.32166370e+01 -1.96742370e+01 -2.03293397e+02 -4.43869640e+01 1.92951909e+02  -2.61754420e+02 
1.91594539e+03  368             -1.32166560e+01 -1.96744300e+01 -2.03293385e+02 -4.43857100e+01 1.92951201e+02  -2.61753046e+02 
1.91594545e+03  353             -1.32166780e+01 -1.96746210e+01 -2.03293896e+02 -4.43957800e+01 1.92951137e+02  -2.61747366e+02 
1.91594545e+03  357             -1.32165430e+01 -1.96726780e+01 -2.03295003e+02 -4.44138140e+01 1.92952189e+02  -2.61724638e+02 
1.91594546e+03  389             -1.32165390e+01 -1.96745620e+01 -2.03286150e+02 -4.43970810e+01 1.92951539e+02  -2.61748106e+02 
1.91594547e+03  358             -1.32167220e+01 -1.96741860e+01 -2.03294311e+02 -4.43960900e+01 1.92951067e+02  -2.61747023e+02 
1.91594547e+03  364             -1.32168220e+01 -1.96726740e+01 -2.03294163e+02 -4.44638010e+01 1.92945283e+02  -2.61730168e+02 
1.91594549e+03  374             -1.32164260e+01 -1.96741800e+01 -2.03292381e+02 -4.43994140e+01 1.92951990e+02  -2.61725473e+02 
1.91594549e+03  365             -1.32166760e+01 -1.96748980e+01 -2.03296800e+02 -4.43939590e+01 1.92950919e+02  -2.61747040e+02 
1.91594550e+03  363             -1.32166610e+01 -1.96748520e+01 -2.03293392e+02 -4.43953520e+01 1.92951208e+02  -2.61747773e+02 
1.91594553e+03  352             -1.32171910e+01 -1.96659240e+01 -2.03306429e+02 -4.45071370e+01 1.92952817e+02  -2.61719410e+02 
1.91594557e+03  360             -1.32166740e+01 -1.96755040e+01 -2.03298894e+02 -4.43927260e+01 1.92952303e+02  -2.61744009e+02 
1.91594559e+03  346             -1.32169460e+01 -1.96726920e+01 -2.03297258e+02 -4.44600400e+01 1.92945097e+02  -2.61729939e+02 
1.91594574e+03  355             -1.32166490e+01 -1.96769320e+01 -2.03300186e+02 -4.44173300e+01 1.92947512e+02  -2.61737698e+02 
1.91594581e+03  348             -1.32157630e+01 -1.96836800e+01 -2.03285261e+02 -4.43893270e+01 1.92952579e+02  -2.61754496e+02 
1.91594587e+03  343             -1.32158880e+01 -1.96832570e+01 -2.03285366e+02 -4.43911380e+01 1.92952595e+02  -2.61752926e+02 
1.91594591e+03  388             -1.32154300e+01 -1.96739410e+01 -2.03445822e+02 -4.43960810e+01 1.92945048e+02  -2.61842310e+02 
1.91594627e+03  350             -1.32165710e+01 -1.96813470e+01 -2.03286292e+02 -4.43887100e+01 1.92952973e+02  -2.61739985e+02 
1.91594629e+03  371             -1.32166170e+01 -1.96804430e+01 -2.03280129e+02 -4.43871880e+01 1.92950867e+02  -2.61747694e+02 
1.91594645e+03  345             -1.32176210e+01 -1.96734960e+01 -2.03281984e+02 -4.43879670e+01 1.92953308e+02  -2.61728076e+02 
1.91594645e+03  356             -1.32174640e+01 -1.96740710e+01 -2.03277452e+02 -4.44033810e+01 1.92952979e+02  -2.61721158e+02 
1.91594647e+03  339             -1.32174870e+01 -1.96741470e+01 -2.03277954e+02 -4.44031430e+01 1.92952983e+02  -2.61721243e+02 
1.91594657e+03  351             -1.32182840e+01 -1.96697260e+01 -2.03292344e+02 -4.44054730e+01 1.92952453e+02  -2.61724707e+02 
1.91594658e+03  336             -1.32168950e+01 -1.96817620e+01 -2.03288355e+02 -4.44149850e+01 1.92952726e+02  -2.61742560e+02 
1.91594660e+03  354             -1.32169920e+01 -1.96817090e+01 -2.03300647e+02 -4.44147170e+01 1.92952711e+02  -2.61741943e+02 
1.91594671e+03  337             -1.32182340e+01 -1.96716540e+01 -2.03291380e+02 -4.44604050e+01 1.92953306e+02  -2.61728734e+02 
1.91594680e+03  340             -1.32183750e+01 -1.96717340e+01 -2.03294780e+02 -4.44681970e+01 1.92953462e+02  -2.61732033e+02 
1.91594681e+03  335             -1.32183760e+01 -1.96717630e+01 -2.03294721e+02 -4.44678190e+01 1.92953455e+02  -2.61732005e+02 
1.91594689e+03  330             -1.32183870e+01 -1.96723450e+01 -2.03293564e+02 -4.44603560e+01 1.92953321e+02  -2.61731455e+02 
1.91594694e+03  333             -1.32179440e+01 -1.96748740e+01 -2.03284752e+02 -4.44067560e+01 1.92952656e+02  -2.61718707e+02 
1.91594697e+03  332             -1.32179690e+01 -1.96759010e+01 -2.03288808e+02 -4.43627800e+01 1.92951690e+02  -2.61725171e+02 
1.91594699e+03  321             -1.32179510e+01 -1.96756700e+01 -2.03288020e+02 -4.43983660e+01 1.92953057e+02  -2.61722952e+02 
1.91594705e+03  328             -1.32181390e+01 -1.96743180e+01 -2.03277109e+02 -4.44130890e+01 1.92950881e+02  -2.61719013e+02 
1.91594729e+03  338             -1.32184180e+01 -1.96747080e+01 -2.03287478e+02 -4.44277430e+01 1.92952913e+02  -2.61721186e+02 
1.91594740e+03  342             -1.32177050e+01 -1.96829960e+01 -2.03288798e+02 -4.44371160e+01 1.92952968e+02  -2.61746629e+02 
1.91594757e+03  327             -1.32182410e+01 -1.96790750e+01 -2.03285240e+02 -4.43513580e+01 1.92951325e+02  -2.61726180e+02 
1.91594771e+03  347             -1.32179800e+01 -1.96824830e+01 -2.03284853e+02 -4.44033980e+01 1.92953137e+02  -2.61746224e+02 
1.91594838e+03  322             -1.32186300e+01 -1.96832580e+01 -2.03282734e+02 -4.43304610e+01 1.92950397e+02  -2.61726190e+02 
1.91594841e+03  317             -1.32186380e+01 -1.96832000e+01 -2.03281050e+02 -4.43324800e+01 1.92950398e+02  -2.61725292e+02 
1.91594841e+03  320             -1.32184930e+01 -1.96815400e+01 -2.03267781e+02 -4.43703090e+01 1.92950839e+02  -2.61735417e+02 
1.91594845e+03  315             -1.32185050e+01 -1.96815430e+01 -2.03266843e+02 -4.43704480e+01 1.92950838e+02  -2.61735334e+02 
1.91594861e+03  325             -1.32185970e+01 -1.96836730e+01 -2.03271076e+02 -4.43152110e+01 1.92950722e+02  -2.61720755e+02 
1.91594870e+03  323             -1.32186000e+01 -1.96825450e+01 -2.03264068e+02 -4.43533640e+01 1.92950725e+02  -2.61731798e+02 
1.91594870e+03  334             -1.32190690e+01 -1.96830010e+01 -2.03292294e+02 -4.43157580e+01 1.92950469e+02  -2.61723984e+02 
1.91594874e+03  305             -1.32186240e+01 -1.96815280e+01 -2.03261477e+02 -4.43692750e+01 1.92950834e+02  -2.61734468e+02 
1.91594878e+03  318             -1.32185830e+01 -1.96816220e+01 -2.03261721e+02 -4.43693850e+01 1.92950782e+02  -2.61739094e+02 
1.91594889e+03  307             -1.32189000e+01 -1.96833650e+01 -2.03292421e+02 -4.43366330e+01 1.92949524e+02  -2.61706401e+02 
1.91594903e+03  312             -1.32187830e+01 -1.96821100e+01 -2.03249587e+02 -4.43701790e+01 1.92950413e+02  -2.61708526e+02 
1.91594930e+03  313             -1.32186360e+01 -1.96817400e+01 -2.03254971e+02 -4.43672120e+01 1.92951199e+02  -2.61746838e+02 
1.91594936e+03  310             -1.32187300e+01 -1.96816090e+01 -2.03249469e+02 -4.43730120e+01 1.92950825e+02  -2.61733797e+02 
1.91594992e+03  329             -1.32194930e+01 -1.96730620e+01 -2.03360732e+02 -4.43829000e+01 1.92941280e+02  -2.61725233e+02 
1.91595047e+03  376             -1.32109120e+01 -1.96694880e+01 -2.03152221e+02 -4.41321640e+01 1.92923761e+02  -2.61410226e+02 
1.91595132e+03  401             -1.31735780e+01 -1.96763490e+01 -2.03334189e+02 -4.43810060e+01 1.92954720e+02  -2.61582081e+02 
1.91595174e+03  316             -1.32196010e+01 -1.96843400e+01 -2.03358111e+02 -4.42856570e+01 1.92946758e+02  -2.61715670e+02 
1.91595225e+03  308             -1.32194080e+01 -1.96834820e+01 -2.03204604e+02 -4.43657950e+01 1.92949546e+02  -2.61708985e+02 
1.91595228e+03  303             -1.32195020e+01 -1.96835140e+01 -2.03205784e+02 -4.43652960e+01 1.92949550e+02  -2.61709269e+02 
1.91595285e+03  298             -1.32211700e+01 -1.96840780e+01 -2.03226721e+02 -4.43564490e+01 1.92949620e+02  -2.61714304e+02 
1.91595393e+03  387             -1.32086120e+01 -1.96736460e+01 -2.03486868e+02 -4.43904270e+01 1.92947460e+02  -2.61785575e+02 
1.91595412e+03  344             -1.32006020e+01 -1.96907990e+01 -2.03588607e+02 -4.44025640e+01 1.92917674e+02  -2.61909752e+02 
1.91595548e+03  394             -1.32117470e+01 -1.96746990e+01 -2.03332631e+02 -4.44500410e+01 1.92954842e+02  -2.61593658e+02 
1.91595684e+03  302             -1.32209170e+01 -1.96855980e+01 -2.03396812e+02 -4.43289760e+01 1.92949400e+02  -2.61706544e+02 
1.91596096e+03  300             -1.32167270e+01 -1.96800800e+01 -2.03476406e+02 -4.43023930e+01 1.92950992e+02  -2.61746484e+02 
1.91596099e+03  295             -1.32168590e+01 -1.96800400e+01 -2.03476432e+02 -4.43024490e+01 1.92950887e+02  -2.61746544e+02 
1.91596129e+03  297             -1.32204650e+01 -1.96918330e+01 -2.03470938e+02 -4.42644160e+01 1.92948967e+02  -2.61757660e+02 
1.91596162e+03  290             -1.32191350e+01 -1.96793470e+01 -2.03476877e+02 -4.43034130e+01 1.92949079e+02  -2.61747587e+02 
1.91596172e+03  299             -1.32250720e+01 -1.96848420e+01 -2.03470757e+02 -4.42379330e+01 1.92941830e+02  -2.61764277e+02 
1.91596226e+03  359             -1.32367200e+01 -1.96579450e+01 -2.02950211e+02 -4.40882620e+01 1.92598933e+02  -2.61178788e+02 
1.91596676e+03  289             -1.32550900e+01 -1.96048010e+01 -2.02880435e+02 -4.40263260e+01 1.92216125e+02  -2.61063064e+02 
1.91596686e+03  304             -1.32267540e+01 -1.97045870e+01 -2.03479132e+02 -4.43076760e+01 1.92954459e+02  -2.61755395e+02 
1.91596760e+03  361             -1.32223050e+01 -1.96888980e+01 -2.03235053e+02 -4.43949350e+01 1.92935564e+02  -2.61891582e+02 
1.91596799e+03  281             -1.32234310e+01 -1.96915250e+01 -2.03471593e+02 -4.42336850e+01 1.92947218e+02  -2.61714832e+02 
1.91596871e+03  384             -1.32214300e+01 -1.96521820e+01 -2.03301532e+02 -4.43783830e+01 1.92967470e+02  -2.61465980e+02 
1.91596891e+03  292             -1.32207130e+01 -1.96922080e+01 -2.03470781e+02 -4.42291340e+01 1.92954088e+02  -2.61702502e+02 
1.91597024e+03  306             -1.32351480e+01 -1.96834690e+01 -2.03161843e+02 -4.44281610e+01 1.92511799e+02  -2.61753891e+02 
1.91597150e+03  287             -1.32223820e+01 -1.96889420e+01 -2.03472075e+02 -4.42358040e+01 1.92930836e+02  -2.61686491e+02 
1.91597683e+03  311             -1.32436350e+01 -1.96702360e+01 -2.03479844e+02 -4.42995200e+01 1.92935107e+02  -2.61700288e+02 
1.91597806e+03  319             -1.32149600e+01 -1.96828320e+01 -2.03043679e+02 -4.44203320e+01 1.92953025e+02  -2.61754837e+02 
1.91597830e+03  282             -1.32564720e+01 -1.96672840e+01 -2.03485143e+02 -4.43199880e+01 1.92917625e+02  -2.61791658e+02 
1.91597859e+03  277             -1.32568800e+01 -1.96671660e+01 -2.03484767e+02 -4.43199190e+01 1.92917778e+02  -2.61792048e+02 
1.91597872e+03  276             -1.32551190e+01 -1.96694460e+01 -2.03494325e+02 -4.42893500e+01 1.92909120e+02  -2.61772037e+02 
1.91597897e+03  294             -1.32569470e+01 -1.96693240e+01 -2.03493862e+02 -4.42934800e+01 1.92917182e+02  -2.61797919e+02 
1.91597946e+03  301             -1.32167760e+01 -1.97041220e+01 -2.03568999e+02 -4.41955200e+01 1.92955331e+02  -2.61767632e+02 
1.91597969e+03  286             -1.32533090e+01 -1.97077130e+01 -2.03452395e+02 -4.43265830e+01 1.92915879e+02  -2.61787983e+02 
1.91598036e+03  285             -1.32577140e+01 -1.96676020e+01 -2.03484427e+02 -4.43197600e+01 1.92918428e+02  -2.61765280e+02 
1.91598048e+03  259             -1.32580850e+01 -1.96692420e+01 -2.03487597e+02 -4.43221860e+01 1.92917532e+02  -2.61776031e+02 
1.91598103e+03  280             -1.32580870e+01 -1.96676670e+01 -2.03487471e+02 -4.43191250e+01 1.92917197e+02  -2.61759947e+02 
1.91598120e+03  275             -1.32580270e+01 -1.96662900e+01 -2.03486308e+02 -4.43193010e+01 1.92906594e+02  -2.61748790e+02 
1.91598374e+03  288             -1.32554320e+01 -1.96798820e+01 -2.03215709e+02 -4.43082530e+01 1.92953161e+02  -2.61442826e+02 
1.91598377e+03  272             -1.32634720e+01 -1.96652640e+01 -2.03478698e+02 -4.43188020e+01 1.92920258e+02  -2.61798356e+02 
1.91598455e+03  270             -1.32574480e+01 -1.96652110e+01 -2.03487209e+02 -4.43494680e+01 1.92910517e+02  -2.61696034e+02 
1.91598634e+03  293             -1.32502430e+01 -1.96939080e+01 -2.03591615e+02 -4.42022590e+01 1.92950842e+02  -2.61802054e+02 
1.91598663e+03  267             -1.32665930e+01 -1.96546010e+01 -2.03467567e+02 -4.43198150e+01 1.92925730e+02  -2.61731313e+02 
1.91598768e+03  326             -1.31963440e+01 -1.96990640e+01 -2.03843657e+02 -4.43689770e+01 1.92835800e+02  -2.62087883e+02 
1.91598901e+03  265             -1.32581300e+01 -1.96537140e+01 -2.03501982e+02 -4.43544800e+01 1.92972437e+02  -2.61665414e+02 
1.91599442e+03  268             -1.32627760e+01 -1.96759850e+01 -2.02976525e+02 -4.43575360e+01 1.92918401e+02  -2.61072009e+02 
1.91599469e+03  366             -1.32594840e+01 -1.96454820e+01 -2.03127126e+02 -4.44214290e+01 1.92898471e+02  -2.61156697e+02 
1.91599843e+03  260             -1.32682790e+01 -1.97247480e+01 -2.03439697e+02 -4.43668550e+01 1.92980460e+02  -2.61660168e+02 
1.91599853e+03  257             -1.32684590e+01 -1.97244370e+01 -2.03454065e+02 -4.43617090e+01 1.92896957e+02  -2.61651194e+02 
1.91599853e+03  262             -1.32684600e+01 -1.97244370e+01 -2.03454065e+02 -4.43617090e+01 1.92896957e+02  -2.61651200e+02 
1.91599853e+03  252             -1.32684540e+01 -1.97244380e+01 -2.03454058e+02 -4.43617070e+01 1.92896958e+02  -2.61651108e+02 
1.91599856e+03  247             -1.32683880e+01 -1.97244550e+01 -2.03453965e+02 -4.43616820e+01 1.92896963e+02  -2.61649852e+02 
1.91599866e+03  250             -1.32679610e+01 -1.97248390e+01 -2.03440873e+02 -4.43644720e+01 1.93017684e+02  -2.61663580e+02 
1.91599895e+03  255             -1.32676100e+01 -1.97245950e+01 -2.03455215e+02 -4.43605950e+01 1.92993851e+02  -2.61659291e+02 
1.91599909e+03  242             -1.32674480e+01 -1.97246940e+01 -2.03452639e+02 -4.43613290e+01 1.92897025e+02  -2.61631980e+02 
1.91599942e+03  279             -1.32612410e+01 -1.95999740e+01 -2.02686276e+02 -4.43200930e+01 1.92869271e+02  -2.60546987e+02 
1.91600429e+03  269             -1.32685520e+01 -1.97322910e+01 -2.03369449e+02 -4.43625060e+01 1.92924762e+02  -2.61804267e+02 
1.91600877e+03  245             -1.32786840e+01 -1.97244330e+01 -2.03451372e+02 -4.43640020e+01 1.93063087e+02  -2.61647944e+02 
1.91600997e+03  284             -1.32705410e+01 -1.97128110e+01 -2.03487233e+02 -4.43177760e+01 1.92913286e+02  -2.61567937e+02 
1.91601059e+03  283             -1.32602420e+01 -1.96722320e+01 -2.03040191e+02 -4.43383000e+01 1.92917771e+02  -2.61520774e+02 
1.91601261e+03  232             -1.32594640e+01 -1.97267990e+01 -2.03447961e+02 -4.43589860e+01 1.92895546e+02  -2.61485589e+02 
1.91601868e+03  254             -1.32654380e+01 -1.96809620e+01 -2.02231331e+02 -4.01955760e+01 1.91932454e+02  -2.60512615e+02 
1.91602312e+03  253             -1.32711960e+01 -1.97279000e+01 -2.02829092e+02 -4.43711690e+01 1.92941900e+02  -2.61126407e+02 
1.91602389e+03  235             -1.32978150e+01 -1.97223510e+01 -2.03854999e+02 -4.43134090e+01 1.93007444e+02  -2.62025773e+02 
1.91602631e+03  251             -1.32783760e+01 -1.97643280e+01 -2.03343423e+02 -4.42952290e+01 1.93056128e+02  -2.61782251e+02 
1.91602848e+03  237             -1.32543760e+01 -1.97280140e+01 -2.03434208e+02 -4.43564160e+01 1.92897883e+02  -2.61383566e+02 
1.91603002e+03  221             -1.33195010e+01 -1.97103150e+01 -2.04337253e+02 -4.43710700e+01 1.92836842e+02  -2.62618147e+02 
1.91603076e+03  239             -1.33251250e+01 -1.97049170e+01 -2.04447830e+02 -4.43773270e+01 1.92843848e+02  -2.62777078e+02 
1.91603596e+03  226             -1.32849520e+01 -1.94417580e+01 -2.03173125e+02 -4.45048340e+01 1.92841333e+02  -2.60878336e+02 
1.91604197e+03  225             -1.32779130e+01 -1.97312150e+01 -2.03320378e+02 -4.42844570e+01 1.92959195e+02  -2.61187553e+02 
1.91604200e+03  220             -1.32780360e+01 -1.97312140e+01 -2.03320411e+02 -4.42844590e+01 1.92959195e+02  -2.61187555e+02 
1.91604206e+03  222             -1.32784020e+01 -1.97312110e+01 -2.03320361e+02 -4.42844620e+01 1.92959197e+02  -2.61187504e+02 
1.91604206e+03  223             -1.32784080e+01 -1.97312110e+01 -2.03320370e+02 -4.42844640e+01 1.92959195e+02  -2.61187504e+02 
1.91604206e+03  218             -1.32784100e+01 -1.97312110e+01 -2.03320371e+02 -4.42844640e+01 1.92959195e+02  -2.61187504e+02 
1.91604207e+03  213             -1.32784360e+01 -1.97312110e+01 -2.03320380e+02 -4.42844640e+01 1.92959195e+02  -2.61187503e+02 
1.91604210e+03  217             -1.32784380e+01 -1.97312060e+01 -2.03320484e+02 -4.42844500e+01 1.92959198e+02  -2.61187501e+02 
1.91604215e+03  212             -1.32787320e+01 -1.97312040e+01 -2.03320507e+02 -4.42845020e+01 1.92959201e+02  -2.61187509e+02 
1.91604215e+03  208             -1.32787490e+01 -1.97312080e+01 -2.03320488e+02 -4.42844630e+01 1.92959196e+02  -2.61187494e+02 
1.91604217e+03  207             -1.32787910e+01 -1.97312340e+01 -2.03320556e+02 -4.42845100e+01 1.92959207e+02  -2.61187532e+02 
1.91604232e+03  202             -1.32791500e+01 -1.97312420e+01 -2.03320904e+02 -4.42845100e+01 1.92959200e+02  -2.61187542e+02 
1.91604236e+03  215             -1.32795670e+01 -1.97311990e+01 -2.03320826e+02 -4.42844900e+01 1.92959195e+02  -2.61187577e+02 
1.91604251e+03  210             -1.32799550e+01 -1.97312320e+01 -2.03321175e+02 -4.42844980e+01 1.92959193e+02  -2.61187639e+02 
1.91604312e+03  203             -1.32823860e+01 -1.97311680e+01 -2.03321744e+02 -4.42844510e+01 1.92959218e+02  -2.61187389e+02 
1.91604318e+03  205             -1.32824740e+01 -1.97312280e+01 -2.03321585e+02 -4.42844300e+01 1.92959180e+02  -2.61187204e+02 
1.91604318e+03  200             -1.32824720e+01 -1.97312280e+01 -2.03321591e+02 -4.42844300e+01 1.92959180e+02  -2.61187204e+02 
1.91604319e+03  195             -1.32824490e+01 -1.97312300e+01 -2.03321654e+02 -4.42844310e+01 1.92959183e+02  -2.61187206e+02 
1.91604330e+03  190             -1.32822010e+01 -1.97312490e+01 -2.03322330e+02 -4.42844370e+01 1.92959217e+02  -2.61187222e+02 
1.91604331e+03  183             -1.32830210e+01 -1.97311560e+01 -2.03322045e+02 -4.42844960e+01 1.92959365e+02  -2.61187678e+02 
1.91604332e+03  193             -1.32830340e+01 -1.97311250e+01 -2.03322067e+02 -4.42844960e+01 1.92959348e+02  -2.61187678e+02 
1.91604332e+03  187             -1.32799620e+01 -1.97312050e+01 -2.03324670e+02 -4.42845510e+01 1.92959137e+02  -2.61187718e+02 
1.91604333e+03  188             -1.32830110e+01 -1.97311010e+01 -2.03321992e+02 -4.42845020e+01 1.92959387e+02  -2.61187683e+02 
1.91604338e+03  198             -1.32829070e+01 -1.97312290e+01 -2.03322064e+02 -4.42844860e+01 1.92959353e+02  -2.61187223e+02 
1.91604352e+03  178             -1.32831200e+01 -1.97317060e+01 -2.03322574e+02 -4.42844300e+01 1.92959148e+02  -2.61187630e+02 
1.91604354e+03  177             -1.32781350e+01 -1.97320600e+01 -2.03326486e+02 -4.42850710e+01 1.92958567e+02  -2.61187766e+02 
1.91604365e+03  182             -1.32818580e+01 -1.97318000e+01 -2.03324235e+02 -4.42843900e+01 1.92959029e+02  -2.61187621e+02 
1.91604372e+03  192             -1.32842280e+01 -1.97310970e+01 -2.03322743e+02 -4.42845450e+01 1.92959299e+02  -2.61187704e+02 
1.91604387e+03  172             -1.32781010e+01 -1.97321920e+01 -2.03327786e+02 -4.42850970e+01 1.92958694e+02  -2.61187761e+02 
1.91604401e+03  197             -1.32832070e+01 -1.97313340e+01 -2.03324821e+02 -4.42845110e+01 1.92959117e+02  -2.61187650e+02 
1.91604449e+03  185             -1.32796090e+01 -1.97314500e+01 -2.03329399e+02 -4.42845010e+01 1.92959572e+02  -2.61187385e+02 
1.91604555e+03  173             -1.32840760e+01 -1.97370010e+01 -2.03327666e+02 -4.42837920e+01 1.92957056e+02  -2.61187167e+02 
1.91604654e+03  180             -1.32763710e+01 -1.97316600e+01 -2.03340764e+02 -4.42850870e+01 1.92962839e+02  -2.61189626e+02 
1.91604707e+03  167             -1.32777850e+01 -1.97334180e+01 -2.03339879e+02 -4.42853380e+01 1.92959881e+02  -2.61187716e+02 
1.91604908e+03  175             -1.32809750e+01 -1.97341080e+01 -2.03347925e+02 -4.42852210e+01 1.92973474e+02  -2.61190332e+02 
1.91605087e+03  241             -1.33026740e+01 -1.96661730e+01 -2.03386434e+02 -4.48158870e+01 1.93044014e+02  -2.61836086e+02 
1.91605251e+03  258             -1.32708740e+01 -1.97251090e+01 -2.03195375e+02 -4.43663460e+01 1.92937238e+02  -2.61835322e+02 
1.91605283e+03  341             -1.32441460e+01 -1.96437930e+01 -2.02988269e+02 -4.40418560e+01 1.92782176e+02  -2.61801899e+02 
1.91605815e+03  216             -1.32792380e+01 -1.97680820e+01 -2.03230366e+02 -4.41594660e+01 1.93827474e+02  -2.61038415e+02 
1.91605827e+03  233             -1.33017690e+01 -1.97084630e+01 -2.03804191e+02 -4.42600400e+01 1.92934202e+02  -2.61719657e+02 
1.91605830e+03  168             -1.32875340e+01 -1.97379480e+01 -2.03375218e+02 -4.42835260e+01 1.92952794e+02  -2.61185384e+02 
1.91605849e+03  163             -1.32878700e+01 -1.97381960e+01 -2.03375695e+02 -4.42835950e+01 1.92950374e+02  -2.61185304e+02 
1.91606018e+03  158             -1.32907740e+01 -1.97403390e+01 -2.03379819e+02 -4.42841930e+01 1.92929443e+02  -2.61184613e+02 
1.91606061e+03  170             -1.32860620e+01 -1.97356650e+01 -2.03381812e+02 -4.42858270e+01 1.92975935e+02  -2.61181659e+02 
1.91606304e+03  256             -1.32329520e+01 -1.97235530e+01 -2.03303142e+02 -4.43614060e+01 1.92910556e+02  -2.62314260e+02 
1.91606369e+03  243             -1.32755480e+01 -1.97320900e+01 -2.02909908e+02 -4.43423230e+01 1.92920597e+02  -2.61434603e+02 
1.91606579e+03  278             -1.32614220e+01 -1.96721560e+01 -2.03292769e+02 -4.43502140e+01 1.92918291e+02  -2.61029301e+02 
1.91606619e+03  165             -1.32954210e+01 -1.97365260e+01 -2.03396868e+02 -4.42885400e+01 1.92960635e+02  -2.61178394e+02 
1.91606784e+03  186             -1.33498980e+01 -1.96546910e+01 -2.04250258e+02 -4.43853850e+01 1.92800620e+02  -2.62788423e+02 
1.91606966e+03  273             -1.32603370e+01 -1.96631060e+01 -2.03515353e+02 -4.43429350e+01 1.92918330e+02  -2.61302310e+02 
1.91607055e+03  204             -1.32486960e+01 -1.97782750e+01 -2.02944965e+02 -4.42922940e+01 1.92748631e+02  -2.60617044e+02 
1.91607474e+03  153             -1.33149510e+01 -1.97581830e+01 -2.03414149e+02 -4.42891670e+01 1.92755183e+02  -2.61178860e+02 
1.91607597e+03  274             -1.33401920e+01 -1.97105130e+01 -2.03639051e+02 -4.43732880e+01 1.92797328e+02  -2.61999726e+02 
1.91607699e+03  324             -1.32513460e+01 -1.96864130e+01 -2.03176015e+02 -4.40338830e+01 1.92673662e+02  -2.60861413e+02 
1.91608290e+03  160             -1.33079070e+01 -1.97589250e+01 -2.03440196e+02 -4.42772450e+01 1.92699877e+02  -2.61168976e+02 
1.91608292e+03  162             -1.32749460e+01 -1.97444210e+01 -2.03448432e+02 -4.42874970e+01 1.92970540e+02  -2.61187311e+02 
1.91608464e+03  224             -1.32888700e+01 -1.97785350e+01 -2.03333576e+02 -4.35274830e+01 1.94183902e+02  -2.61053707e+02 
1.91609500e+03  236             -1.33184340e+01 -1.94545260e+01 -2.01555728e+02 -3.64556350e+01 1.94194103e+02  -2.58626450e+02 
1.91609678e+03  157             -1.33403380e+01 -1.97780080e+01 -2.03471087e+02 -4.42941530e+01 1.92875002e+02  -2.61178781e+02 
1.91610460e+03  155             -1.33383460e+01 -1.97549630e+01 -2.03508894e+02 -4.42578920e+01 1.92456564e+02  -2.61161897e+02 
1.91610647e+03  150             -1.33415630e+01 -1.97600750e+01 -2.03512809e+02 -4.42597070e+01 1.92454398e+02  -2.61161935e+02 
1.91610811e+03  231             -1.32789670e+01 -1.97388120e+01 -2.02567215e+02 -4.44861030e+01 1.92889610e+02  -2.61086870e+02 
1.91612040e+03  291             -1.32300130e+01 -1.96836250e+01 -2.04522648e+02 -4.43379450e+01 1.92954894e+02  -2.62539775e+02 
1.91612137e+03  152             -1.33730090e+01 -1.97083520e+01 -2.03573444e+02 -4.42706670e+01 1.92430409e+02  -2.61159598e+02 
1.91612249e+03  145             -1.33667860e+01 -1.98001500e+01 -2.03543502e+02 -4.42739400e+01 1.92437416e+02  -2.61162233e+02 
1.91612722e+03  147             -1.33992610e+01 -1.96030880e+01 -2.03620718e+02 -4.42827740e+01 1.92421249e+02  -2.61158537e+02 
1.91612723e+03  142             -1.33981770e+01 -1.96036370e+01 -2.03621955e+02 -4.42834030e+01 1.92419308e+02  -2.61158629e+02 
1.91612794e+03  137             -1.33902010e+01 -1.96076780e+01 -2.03631054e+02 -4.42880310e+01 1.92405025e+02  -2.61159311e+02 
1.91612833e+03  331             -1.32522220e+01 -1.96510550e+01 -2.03095391e+02 -4.43567180e+01 1.92952898e+02  -2.62090807e+02 
1.91613340e+03  240             -1.32587400e+01 -1.97236170e+01 -2.03607269e+02 -4.43124240e+01 1.92876581e+02  -2.61265382e+02 
1.91613933e+03  234             -1.32786480e+01 -1.97391180e+01 -2.03280801e+02 -4.41957880e+01 1.93794374e+02  -2.60776937e+02 
1.91615560e+03  244             -1.32942380e+01 -1.97846620e+01 -2.04759547e+02 -4.44126050e+01 1.92815970e+02  -2.62673193e+02 
1.91615839e+03  238             -1.32573350e+01 -1.97284440e+01 -2.02659766e+02 -4.43209890e+01 1.92930138e+02  -2.61501859e+02 
1.91616502e+03  132             -1.33340630e+01 -1.96361210e+01 -2.03695102e+02 -4.43206100e+01 1.92304490e+02  -2.61164115e+02 
1.91617193e+03  296             -1.32565580e+01 -1.96799080e+01 -2.02820095e+02 -4.43100170e+01 1.92869858e+02  -2.61782937e+02 
1.91620107e+03  349             -1.32234640e+01 -1.95983090e+01 -2.03067763e+02 -4.43658000e+01 1.92929133e+02  -2.60452205e+02 
1.91621076e+03  263             -1.32678960e+01 -1.97244110e+01 -2.03259196e+02 -4.43712540e+01 1.92908853e+02  -2.60614413e+02 
1.91622094e+03  261             -1.32842370e+01 -1.96153350e+01 -2.02702764e+02 -4.44832380e+01 1.92859744e+02  -2.59804768e+02 
1.91622219e+03  148             -1.35084010e+01 -1.99009580e+01 -2.03688839e+02 -4.43289600e+01 1.91360852e+02  -2.61132822e+02 
1.91625147e+03  230             -1.32926820e+01 -1.97280130e+01 -2.03331538e+02 -4.43959910e+01 1.92800975e+02  -2.62443504e+02 
1.91628628e+03  249             -1.32546080e+01 -1.97273290e+01 -2.03904309e+02 -4.44671650e+01 1.92866194e+02  -2.61354704e+02 
1.91629632e+03  248             -1.32725990e+01 -1.97275710e+01 -2.04066364e+02 -4.43022620e+01 1.92948958e+02  -2.61503246e+02 
1.91631566e+03  140             -1.35564190e+01 -2.01014410e+01 -2.03774256e+02 -4.43809450e+01 1.92309741e+02  -2.61164470e+02 
1.91632234e+03  264             -1.31963850e+01 -1.98016460e+01 -2.03485359e+02 -4.41636760e+01 1.93036007e+02  -2.60900045e+02 
1.91634841e+03  227             -1.33268580e+01 -1.97107100e+01 -2.03630139e+02 -4.43930270e+01 1.92864593e+02  -2.62837035e+02 
1.91640795e+03  314             -1.32467690e+01 -1.96575470e+01 -2.03055978e+02 -4.43831370e+01 1.92914933e+02  -2.60046223e+02 
1.91644111e+03  309             -1.32963870e+01 -1.97166890e+01 -2.02907028e+02 -4.43261310e+01 1.92917949e+02  -2.62148039e+02 
1.91651301e+03  135             -1.36798000e+01 -2.03956820e+01 -2.03951795e+02 -4.43891050e+01 1.92313861e+02  -2.61165287e+02 
1.91651311e+03  130             -1.36798060e+01 -2.03956850e+01 -2.03951751e+02 -4.43890900e+01 1.92313921e+02  -2.61165300e+02 
1.91651329e+03  125             -1.36798460e+01 -2.03957070e+01 -2.03951460e+02 -4.43889960e+01 1.92314312e+02  -2.61165385e+02 
1.91651444e+03  120             -1.36800960e+01 -2.03958440e+01 -2.03949643e+02 -4.43884100e+01 1.92316760e+02  -2.61165915e+02 
1.91651656e+03  228             -1.33157900e+01 -1.97272140e+01 -2.04465329e+02 -4.44102590e+01 1.92954579e+02  -2.61578015e+02 
1.91652141e+03  113             -1.36815800e+01 -2.03966550e+01 -2.03938852e+02 -4.43849310e+01 1.92331302e+02  -2.61169062e+02 
1.91652269e+03  128             -1.37738080e+01 -2.04836120e+01 -2.04354146e+02 -4.43409100e+01 1.87554339e+02  -2.60955180e+02 
1.91656542e+03  108             -1.36897120e+01 -2.04010950e+01 -2.03879745e+02 -4.43658730e+01 1.92410960e+02  -2.61186302e+02 
1.91656967e+03  271             -1.32661380e+01 -1.97318030e+01 -2.03726759e+02 -4.09040580e+01 1.92204531e+02  -2.60707744e+02 
1.91660589e+03  138             -1.31591900e+01 -1.95503210e+01 -2.03607388e+02 -4.43301930e+01 1.87639443e+02  -2.61069218e+02 
1.91662347e+03  114             -1.37812360e+01 -1.98182480e+01 -2.04756485e+02 -4.43268740e+01 1.89229295e+02  -2.60937398e+02 
1.91662400e+03  143             -1.34907600e+01 -1.99017260e+01 -2.04500195e+02 -4.43145330e+01 1.92281171e+02  -2.61075918e+02 
1.91663437e+03  209             -1.32846870e+01 -1.93813250e+01 -2.04579483e+02 -4.38371200e+01 1.93094240e+02  -2.61613426e+02 
1.91664357e+03  206             -1.33782830e+01 -2.05615400e+01 -2.04309099e+02 -4.12071990e+01 1.95250978e+02  -2.61061003e+02 
1.91674921e+03  109             -1.34698990e+01 -1.96651750e+01 -2.04323842e+02 -4.42557250e+01 1.87505033e+02  -2.60921234e+02 
1.91683244e+03  118             -1.37682450e+01 -2.03509990e+01 -2.03730585e+02 -4.43790880e+01 1.92766712e+02  -2.61087917e+02 
1.91686783e+03  246             -1.32454470e+01 -1.96149890e+01 -2.03703882e+02 -4.45179750e+01 1.93084120e+02  -2.60346572e+02 
1.91690218e+03  123             -1.36960040e+01 -1.97772840e+01 -2.05172983e+02 -4.43782810e+01 1.92811494e+02  -2.61041754e+02 
1.91691847e+03  266             -1.32871570e+01 -1.97345670e+01 -2.01936033e+02 -4.44459490e+01 1.92906171e+02  -2.61435528e+02 
1.91694939e+03  103             -1.37317900e+01 -2.04240680e+01 -2.03573914e+02 -4.42672640e+01 1.92823126e+02  -2.61275505e+02 
1.91699230e+03  133             -1.37721770e+01 -2.05597140e+01 -2.03635032e+02 -4.43574050e+01 1.93151823e+02  -2.61131672e+02 
1.91703089e+03  149             -1.33401250e+01 -1.79019400e+01 -2.03401555e+02 -3.10877140e+01 2.08317808e+02  -2.58596300e+02 
1.91716803e+03  79              -1.34291210e+01 -1.98393140e+01 -2.02080128e+02 -4.43126960e+01 1.87133676e+02  -2.61699511e+02 
1.91728919e+03  94              -1.29569390e+01 -1.80910610e+01 -2.03064664e+02 -4.32030610e+01 1.87453666e+02  -2.60350717e+02 
1.91732716e+03  174             -1.32506870e+01 -1.90122310e+01 -2.04259430e+02 -4.28426860e+01 1.98421257e+02  -2.64785986e+02 
1.91733001e+03  104             -1.33056880e+01 -2.07176820e+01 -2.02030009e+02 -4.45285840e+01 1.87605856e+02  -2.62250865e+02 
1.91745199e+03  229             -1.42678060e+01 -1.90166040e+01 -2.03159830e+02 -4.79494830e+01 1.91124583e+02  -2.56552710e+02 
1.91745768e+03  184             -1.33253950e+01 -2.02887570e+01 -2.00543912e+02 -4.99366000e+01 1.94654872e+02  -2.59607926e+02 
1.91758899e+03  191             -1.32634450e+01 -1.92180240e+01 -2.03170573e+02 -4.32532680e+01 1.95994306e+02  -2.63624462e+02 
1.91770625e+03  169             -1.33755590e+01 -1.95165180e+01 -2.05125272e+02 -4.44188910e+01 1.93613795e+02  -2.66054192e+02 
1.91792500e+03  127             -1.29567330e+01 -1.98272990e+01 -2.04125603e+02 -4.45395940e+01 1.91628743e+02  -2.61196405e+02 
1.91866706e+03  214             -1.32736840e+01 -1.97437210e+01 -2.00514259e+02 -4.45598140e+01 1.93209849e+02  -2.60831642e+02 
1.91884150e+03  84              -1.50392770e+01 -2.51701260e+01 -2.13314727e+02 -4.99646090e+01 1.79212184e+02  -2.67765898e+02 
1.91893985e+03  219             -1.33062770e+01 -1.78707660e+01 -2.05316062e+02 -5.07440420e+01 2.10929490e+02  -2.59685948e+02 
1.91916055e+03  201             -1.33307050e+01 -1.92085560e+01 -2.05165872e+02 -2.83565950e+01 1.94185928e+02  -2.60288693e+02 
1.91956424e+03  189             -1.33753920e+01 -1.82512510e+01 -2.06260954e+02 -3.97271930e+01 1.87890717e+02  -2.61717021e+02 
1.92055594e+03  99              -1.39117040e+01 -1.90818710e+01 -2.01889691e+02 -4.43930850e+01 1.86221765e+02  -2.61474238e+02 
1.92073607e+03  89              -1.27621190e+01 -2.28701700e+01 -1.97895779e+02 -4.27601340e+01 1.90447646e+02  -2.60667166e+02 
1.92109430e+03  88              -1.42569350e+01 -2.14547380e+01 -2.03700026e+02 -4.40845740e+01 2.00509042e+02  -2.61337410e+02 
1.92127745e+03  93              -1.38607590e+01 -1.95344050e+01 -2.03199476e+02 -4.44974750e+01 2.03319474e+02  -2.62386144e+02 
1.92147515e+03  73              -1.46448830e+01 -3.16877780e+01 -2.02089338e+02 -4.43350790e+01 1.90435155e+02  -2.57859556e+02 
1.92175690e+03  151             -1.31812240e+01 -1.95938620e+01 -2.09515177e+02 -4.45664400e+01 1.93869618e+02  -2.65459687e+02 
1.92255805e+03  98              -1.39368940e+01 -2.05360470e+01 -2.02083190e+02 -4.37866090e+01 1.94832165e+02  -2.61710310e+02 
1.92434251e+03  83              -1.43900090e+01 -2.72054240e+01 -2.00077280e+02 -4.36834680e+01 1.73851421e+02  -2.59264980e+02 
1.92450485e+03  196             -1.32705320e+01 -1.96194570e+01 -2.00365403e+02 -4.45506350e+01 1.93932261e+02  -2.63090966e+02 
1.92498643e+03  199             -1.32744850e+01 -1.95340670e+01 -2.02934455e+02 -4.41204760e+01 1.93887137e+02  -2.66816587e+02 
1.92540087e+03  159             -1.58798240e+01 -1.74269320e+01 -2.03185685e+02 -5.09260360e+01 1.91573883e+02  -2.48098951e+02 
1.93026265e+03  122             -1.25030570e+01 -2.25997740e+01 -2.05933604e+02 -4.45073320e+01 1.90662912e+02  -2.61171072e+02 
1.93343866e+03  117             -1.67322740e+01 -2.34175710e+01 -2.16869843e+02 -4.41672010e+01 1.91754015e+02  -2.60977146e+02 
1.94136057e+03  166             -1.33176730e+01 -2.02930170e+01 -2.09923542e+02 -5.04042860e+01 1.99151296e+02  -2.60006177e+02 
1.94300768e+03  74              -7.66596100e+00 -7.58978000e-01 -1.61868634e+02 -2.40830570e+01 2.15486714e+02  -2.39986366e+02 
1.94575453e+03  78              -1.50908340e+01 -2.50563120e+01 -1.98392429e+02 -4.36588030e+01 2.01089503e+02  -2.57442787e+02 
1.95014899e+03  179             -1.33094870e+01 -1.96367330e+01 -2.13632775e+02 -4.25603780e+01 1.89562024e+02  -2.63912436e+02 
1.95052171e+03  161             -1.33118200e+01 -2.01593070e+01 -2.14666631e+02 -4.67298550e+01 1.91491859e+02  -2.65054706e+02 
1.96380701e+03  171             -1.28099550e+01 -1.35073930e+01 -2.11279242e+02 -3.16548750e+01 1.73282886e+02  -2.61997046e+02 
1.97025849e+03  156             -1.33165510e+01 -2.36272170e+01 -2.06070697e+02 -5.51162570e+01 1.97090678e+02  -2.50759309e+02 
1.97517988e+03  181             -1.33199650e+01 -1.86815070e+01 -2.02620587e+02 -4.41189360e+01 1.88800113e+02  -2.46185267e+02 
1.98326108e+03  164             -1.33819160e+01 -1.88594390e+01 -2.02553729e+02 -4.43952710e+01 1.82938408e+02  -2.45316610e+02 
1.98726245e+03  96              -1.36423190e+01 -1.79634490e+01 -1.93616825e+02 -3.04534080e+01 1.94073520e+02  -2.62908874e+02 
1.99151908e+03  126             -1.31897780e+01 -1.99599300e+01 -2.25861314e+02 -5.44238760e+01 1.55296861e+02  -2.77539603e+02 
1.99873129e+03  144             -1.32474390e+01 -1.96160500e+01 -2.13183446e+02 -5.16887290e+01 2.14735355e+02  -2.55601401e+02 
2.03165195e+03  69              -9.22062900e+00 -7.80319000e-01 -1.66420321e+02 -2.73504420e+01 1.92372456e+02  -2.49355305e+02 
2.03759374e+03  68              -1.31100190e+01 -5.45118270e+01 -2.14813287e+02 -4.66626720e+01 1.53765231e+02  -2.59293985e+02 
2.04036286e+03  146             -1.32827700e+01 -2.24506450e+01 -2.03328920e+02 -4.68122290e+01 1.80160234e+02  -2.41368908e+02 
2.05329838e+03  134             -1.32026900e+01 -2.13814330e+01 -2.14988413e+02 -4.53222160e+01 1.92473326e+02  -2.54253893e+02 
2.05415096e+03  194             -1.93183570e+01 -1.82203750e+01 -2.03247879e+02 -5.03672160e+01 1.90818689e+02  -2.65013965e+02 
2.07048907e+03  211             -1.23660780e+01 -1.83739080e+01 -2.03320038e+02 -4.80302870e+01 1.93537039e+02  -2.41576051e+02 
2.09569067e+03  107             -3.35097540e+01 -2.37268060e+01 -2.14260931e+02 -4.39391890e+01 2.03315053e+02  -2.58294248e+02 
2.11424089e+03  136             -1.18932400e+01 3.54631600e+00  -2.17546296e+02 -1.72327660e+01 1.65961228e+02  -2.60377876e+02 
2.12624021e+03  154             -1.34562400e+01 2.20503500e+00  -2.21878072e+02 -3.41265930e+01 1.96013078e+02  -2.55728588e+02 
2.12768770e+03  66              -1.01567680e+01 1.80856600e+00  -2.72933126e+02 -4.01807000e-01 1.41507269e+02  -4.39695004e+02 
2.13538172e+03  139             -1.36885190e+01 -2.29273900e+01 -2.15381978e+02 -5.88386360e+01 1.82952970e+02  -2.47411813e+02 
2.18363548e+03  121             -1.39900080e+01 -1.75621400e+01 -2.23203377e+02 -6.18608820e+01 1.80330639e+02  -2.52684542e+02 
2.22505659e+03  54              -1.29980050e+01 -8.78167000e-01 -1.91657703e+02 -4.48272730e+01 1.64945525e+02  -2.85545710e+02 
2.24122809e+03  176             -8.65798300e+00 -1.88501670e+01 -2.03358081e+02 -4.68007660e+01 1.93395564e+02  -2.51209825e+02 
2.25653675e+03  92              -9.98986270e+01 -2.34064020e+01 -2.88475656e+02 -4.41121640e+01 2.06274540e+02  -2.61160970e+02 
2.31313971e+03  119             -1.05829770e+01 -2.22849380e+01 -1.84149410e+02 -4.52368590e+01 1.48414343e+02  -2.95496494e+02 
2.35458012e+03  112             -3.17976500e+01 -2.17678510e+01 -2.01227932e+02 -4.40478160e+01 1.99617018e+02  -2.60510993e+02 
2.37008487e+03  129             -1.28958590e+01 -2.42724810e+01 -2.09899808e+02 -3.92427350e+01 1.79844751e+02  -3.23434850e+02 
2.39797540e+03  64              -1.43600280e+01 -8.50868000e-01 -1.81467222e+02 -3.81517150e+01 1.15961690e+02  -2.80327004e+02 
2.40132260e+03  45              -1.36015760e+01 -1.15269000e+00 -2.03315385e+02 -1.30372200e+00 2.11758167e+02  -3.07747251e+02 
2.45893868e+03  85              -1.27644020e+01 4.04790600e+00  -3.12254413e+02 -1.86332000e+01 2.02411506e+02  -5.01756790e+02 
2.51626345e+03  141             -7.29741710e+01 -1.52395610e+01 -2.03670513e+02 -5.05639280e+01 1.90021867e+02  -2.47850458e+02 
2.60374370e+03  115             -1.37529150e+01 -2.15382150e+01 -2.37943780e+02 -4.34764180e+01 1.46995475e+02  -2.51281925e+02 
2.62552061e+03  111             -1.61636610e+01 -1.38093290e+01 -2.28743523e+02 -3.77580620e+01 2.19290642e+02  -3.49859315e+02 
2.71430354e+03  57              -1.14561377e+02 3.53006200e+00  -3.13428936e+02 -4.51967290e+01 2.26780270e+02  -3.82550139e+02 
2.75203522e+03  110             -1.33388750e+01 -2.50894210e+01 -1.63703853e+02 -2.71219810e+01 1.00715643e+02  -2.75846565e+02 
2.75910082e+03  59              -2.14691140e+01 -1.20931100e+00 -2.63683688e+02 -8.03393950e+01 2.27186516e+02  -3.93295806e+02 
2.78159374e+03  124             -1.20097082e+02 -3.47384450e+01 -2.06776598e+02 -3.79176250e+01 1.89762912e+02  -2.53474285e+02 
2.87412593e+03  77              5.37811900e+00  -1.30279750e+01 -2.02934126e+02 -5.96438810e+01 2.01134940e+02  -4.40252501e+02 
2.93148157e+03  10              8.98173000e+00  2.06941550e+01  3.40035572e+02  1.44874300e+00  3.28713295e+02  3.64651978e+02  
2.93542015e+03  95              -1.72261230e+01 -9.32670500e+00 -2.29816717e+02 -5.03999120e+01 2.18955362e+02  -3.65512829e+02 
2.96800320e+03  61              -1.59861980e+01 8.27930500e+00  -3.78583941e+02 -1.70919700e+00 5.18891795e+02  -3.54881339e+02 
3.12692165e+03  105             -1.41396300e+01 -8.94822100e+00 -1.73284779e+02 -5.77484270e+01 2.28977094e+02  -2.89949014e+02 
3.23175641e+03  97              -4.62262550e+01 -2.49785590e+01 -1.97239474e+02 -4.52056790e+01 1.85615126e+02  -2.82332004e+02 
3.26477922e+03  131             -1.35293240e+01 -1.77686920e+01 -1.52890633e+02 -2.74572570e+01 1.72918862e+02  -2.66151885e+02 
3.32159308e+03  106             -1.02108959e+02 -3.97420830e+01 -2.16880576e+02 -1.48662010e+01 2.08451039e+02  -2.92053644e+02 
3.50352325e+03  116             -1.36094340e+01 -1.84229440e+01 -2.51389177e+02 -4.65723540e+01 1.81920913e+02  -2.28629413e+02 
3.78507041e+03  72              -8.83867760e+01 -5.53822500e+00 -1.57003665e+02 -2.75113930e+01 2.03423172e+02  -1.10182410e+02 
3.84539660e+03  100             -1.59977180e+01 -1.45586450e+01 -2.46678069e+02 -5.36600250e+01 1.91779742e+02  -2.06731827e+02 
3.89265017e+03  82              -6.54177470e+01 -8.68079500e+00 -2.96573971e+02 -5.70013280e+01 2.30157960e+02  -4.51094825e+02 
3.91617257e+03  87              -7.82565980e+01 2.76767400e+00  -2.46063094e+02 -4.01696590e+01 1.80285416e+02  -1.71493428e+02 
3.94915018e+03  102             8.79822900e+00  -1.98912810e+01 -2.74197538e+02 -4.42387770e+01 1.96559701e+02  -2.57342368e+02 
4.09262140e+03  26              -7.87772600e+00 -2.37924720e+01 2.17384804e+02  -3.30453000e-01 -5.25460069e+02 -1.94610473e+02 
4.10837287e+03  101             -1.25148770e+01 2.36478300e+00  -1.77780465e+02 -1.42005360e+01 1.45993473e+02  -3.66154422e+02 
4.11323768e+03  63              -3.65327500e+00 -5.02045400e+00 -1.63676171e+02 -3.10899800e+01 4.79999060e+01  -2.26774652e+02 
5.04792502e+03  81              -1.69272130e+01 -6.04491000e-01 -1.78242644e+02 -4.03546460e+01 2.37042177e+02  -3.75663123e+02 
5.60567221e+03  76              -1.75415620e+01 -4.58870000e-01 -1.27813367e+02 -7.68031750e+01 3.13293700e+01  -3.46906041e+02 
5.85218114e+03  86              -1.34890450e+01 -8.60783000e-01 -1.27210269e+02 1.59046620e+01  2.57397535e+02  -3.05015804e+02 
5.85801683e+03  62              -9.44568280e+01 -1.53323110e+01 -2.60800557e+02 -6.38716510e+01 2.01453008e+02  -4.96032648e+02 
6.49160942e+03  90              2.68307110e+02  -3.90052090e+01 -1.80139097e+02 -1.75727100e+01 1.85639102e+02  -3.47291775e+02 
6.89847089e+03  67              -8.42482630e+01 1.75135140e+01  -2.15817112e+02 -2.65016340e+01 2.15511017e+02  -4.71769857e+02 
7.51995916e+03  55              -2.22382833e+02 -1.13670000e-02 -1.55358100e+00 9.54000000e-04  -2.98635540e+01 3.41687000e+00  
7.53069812e+03  48              -1.55000000e-03 2.89044365e+02  -4.18000000e-04 -1.89394880e+01 1.70491600e+00  1.46705730e+01  
7.68667112e+03  33              -1.42600000e-03 1.11357742e+03  -4.49000000e-04 -6.34590490e+01 9.16461800e+00  2.03985850e+01  
8.29499925e+03  70              -1.07752420e+01 -2.79721000e-01 -6.24148040e+01 2.71589120e+01  2.23224430e+02  -2.12825176e+02 
8.70716151e+03  28              -2.55800000e-03 4.81801881e+02  -1.52000000e-03 -5.27942780e+01 4.17137000e+00  -1.39624600e+00 
9.67834754e+03  58              2.72978000e-01  1.53903181e+02  -7.05384010e+01 -3.62837080e+01 9.97361050e+01  -2.04877569e+02 
1.00224150e+04  71              2.93823497e+02  -6.20740000e-01 -1.21090229e+02 -4.41667650e+01 9.96447960e+01  -3.78414271e+02 
1.12386795e+04  38              -4.78000000e-04 2.66716790e+01  1.67000000e-04  -4.21383840e+01 3.58465300e+00  9.83007500e+00  
1.28647877e+04  91              -1.53142510e+01 -1.94736560e+01 -3.19550400e+01 -1.07808510e+01 6.75103700e+01  -2.36258264e+02 
1.30001042e+04  52              1.01961772e+02  4.07632440e+01  -2.47707655e+02 7.60959300e+00  1.76367534e+02  -3.61217760e+01 
1.30406960e+04  2               3.48928100e+00  2.56400000e-03  2.32751000e+00  1.33586543e+02  1.72760000e-01  5.73820000e-01  
1.32812697e+04  43              -2.24000000e-04 -1.74072292e+02 1.57000000e-04  -1.52220600e+01 4.43920100e+00  1.71700280e+01  
1.42521627e+04  35              -6.91568500e+00 -2.21800000e-03 -2.64258000e+00 -1.22655706e+02 -7.80700000e-02 -3.60925000e-01 
1.43022079e+04  16              -3.20406400e+00 -7.40000000e-05 -9.95483000e-01 -2.14272500e+01 -9.58610000e-02 1.63354000e-01  
1.44335900e+04  65              -1.41139730e+01 -2.77479000e-01 -4.58199680e+01 -8.91740000e-02 2.76793428e+02  -4.44607226e+02 
1.47125624e+04  18              -4.72200000e-03 -1.38061128e+03 -3.35800000e-03 -9.60904120e+01 -1.34583470e+01 -5.09111090e+01 
1.48187470e+04  4               4.91900000e-03  8.58043001e+02  2.31200000e-03  7.96392870e+01  1.15363680e+01  2.72942680e+01  
1.51607483e+04  53              -1.52952860e+01 4.73657222e+02  -1.06117430e+01 -1.91520280e+01 2.94775340e+01  -1.42608731e+02 
1.51741080e+04  36              -8.83898366e+02 -4.05000000e-02 -2.31997800e+00 -3.93700000e-02 -3.22282530e+01 -1.90339260e+01 
1.56421824e+04  23              -1.89000000e-03 -5.68749563e+02 -3.00000000e-05 2.06130070e+01  -1.14741730e+01 -3.29330720e+01 
1.57247111e+04  42              4.05013977e+02  -1.01012311e+02 -2.39910000e-02 -6.86857340e+01 2.25000000e-04  -4.67680700e+00 
1.60079210e+04  12              -1.07256998e+02 -6.11283090e+01 -1.41550000e-02 -8.11368540e+01 -1.54500000e-03 -5.14892900e+00 
1.61040261e+04  41              -2.56900000e-03 -2.92000000e-03 -2.63069000e-01 -1.02714830e+02 -1.11055850e+01 -4.57138600e+00 
1.61730760e+04  13              2.59000000e-04  -5.42706399e+02 -3.26700000e-03 -6.70018700e+01 -1.43541600e+00 -3.97807160e+01 
1.64846429e+04  1               4.60700000e-03  4.24200000e-03  1.11411600e+00  6.85901770e+01  1.63317980e+01  6.44018700e+00  
1.67455717e+04  21              -1.28059720e+01 -1.91910460e+01 -1.35660000e-01 -6.72200000e-03 -3.39740000e-02 -2.05500000e-03 
1.67875705e+04  60              -2.51600000e-03 -2.07700000e-03 6.65120000e-01  -9.47324810e+01 -6.16310800e+00 -4.45607900e+00 
1.68130859e+04  22              2.10676966e+02  -2.22186470e+01 -3.36250000e-02 -4.18482410e+01 -1.76300000e-03 -6.99551600e+00 
1.69455637e+04  40              -1.71126080e+01 -4.90442620e+01 -7.01254000e-01 -2.01520000e-02 -9.10310000e-02 -4.71400000e-03 
1.69663507e+04  51              -1.36900000e-01 -7.03000000e-04 1.45312500e+00  -3.23495700e+01 -1.44400000e-03 -4.14455000e-01 
1.69896789e+04  8               1.03961560e+01  2.97094860e+01  7.60751000e-01  1.52380000e-02  8.35530000e-02  4.17200000e-03  
1.70069682e+04  30              -1.60423000e-01 -1.85200000e-03 -2.24550000e-02 -5.77800000e-03 -2.03000000e-03 -3.59900000e-03 
1.70109524e+04  56              -1.05399660e+01 1.81942250e+01  7.49495000e-01  -1.87930000e-02 -8.10160000e-02 -3.47200000e-03 
1.70469138e+04  9               7.94371193e+02  3.11470000e-02  1.91029900e+00  5.14140000e-02  2.03389330e+01  3.12178730e+01  
1.71035361e+04  11              -6.27470000e-02 -2.82000000e-04 1.09760000e-02  -1.84600000e-03 1.07300000e-03  -1.52500000e-03 
1.71067490e+04  46              -1.18740000e-01 -1.33200000e-03 -3.86490000e-02 -3.54900000e-03 -1.96400000e-03 -1.34600000e-03 
1.71077912e+04  25              -1.06900000e-03 -4.38000000e-04 -1.88758900e+00 -1.00183393e+02 -2.58128000e-01 -2.48389700e+00 
1.71092404e+04  49              9.45112000e+00  -6.07000000e-04 -7.82994000e-01 4.92827340e+01  1.84500000e-03  7.92000000e-04  
1.71188032e+04  34              1.61297160e+01  -7.69100000e-03 -4.95365800e+00 5.35266620e+01  2.25800000e-02  1.93700000e-03  
1.71195196e+04  44              5.53947900e+00  1.35800000e-03  2.03416300e+00  1.52755735e+02  1.00340000e-02  9.70000000e-04  
1.71210515e+04  6               4.19920000e-02  1.47000000e-03  4.23230000e-02  3.81700000e-03  3.09600000e-03  1.18300000e-03  
1.71266689e+04  39              1.05812360e+01  -7.07600000e-03 -9.73721900e+00 2.27060617e+02  1.96480000e-02  1.06200000e-03  
1.71273506e+04  29              1.55772150e+01  8.67300000e-03  1.26887430e+01  -3.26165859e+02 1.19840000e-02  9.91000000e-04  
1.71274741e+04  5               1.80957320e+01  1.14420000e-02  1.59825730e+01  4.02841113e+02  9.37100000e-03  1.15700000e-03  
1.71281588e+04  19              -1.83883000e+01 -1.14580000e-02 -2.00549650e+01 -3.92282565e+02 -1.87470000e-02 -9.24000000e-04 
1.71284477e+04  24              1.32541450e+01  2.00220000e-02  1.46104490e+01  -5.29821647e+02 -1.67200000e-02 -5.48000000e-04 
1.71293595e+04  31              -3.47000000e-03 -1.04891580e+01 -7.88265300e+00 -8.50030000e-02 -9.11830000e-02 -1.51470000e-02 
1.71294025e+04  14              -3.76387000e-01 -9.40000000e-03 -2.62613260e+01 2.56291690e+01  -5.38400000e-03 2.06000000e-04  
1.71294657e+04  15              -1.30400000e-03 8.48223400e+00  -3.45125800e+00 -3.59790000e-02 -2.71250000e-02 -8.56600000e-03 
1.71295666e+04  3               1.62000000e-03  1.59563360e+01  5.32672600e+00  4.90260000e-02  8.10080000e-02  6.90400000e-03  
1.71295785e+04  50              -2.26300000e-03 -1.31778000e+01 -9.19930100e+00 -9.85960000e-02 -3.56120000e-02 2.67400000e-03  
1.71658242e+04  32              -6.20504758e+02 -6.15673840e+01 8.09540000e-02  -8.22850850e+01 -1.05500000e-03 -5.91565800e+00 
1.73321018e+04  37              -4.08784335e+02 -1.11239940e+02 -6.51130000e-02 -6.38491430e+01 -2.34400000e-03 -5.03820700e+00 
1.73355241e+04  75              -1.30078480e+01 3.66642600e+00  -4.61635200e+00 -5.83975820e+01 4.47328030e+01  -1.41783454e+02 
1.74620526e+04  7               7.64960193e+02  7.12825630e+01  1.28027000e-01  7.14677630e+01  1.68500000e-03  8.89629800e+00  
1.76436914e+04  27              9.12672432e+02  4.13005940e+01  1.03934000e-01  3.85927750e+01  1.48700000e-03  8.02129200e+00  
1.77738757e+04  80              -1.26631120e+01 -4.00874900e+00 8.93268300e+00  -5.80792200e+00 4.04324943e+02  -3.14419063e+02 
1.78341767e+04  47              6.66322455e+02  9.19174400e+00  2.27500000e-02  -3.54871940e+01 1.34400000e-03  1.83308500e+00  
1.79884303e+04  20              -6.28775397e+02 -2.93330000e-02 -1.09337500e+00 -1.22260000e-02 -2.07283450e+01 -3.29090010e+01 
1.80996204e+04  17              -9.56952517e+02 -1.63231703e+02 -1.38340000e-01 -1.39581137e+02 -3.70600000e-03 -1.57005010e+01 
