Fit             Permutation     K2RT            KD1             kdephos         km1             km2             kphos           
2.03000000e+03  gen5perm6       1.47880730e+01  3.49336080e+01  1.06475300e+00  9.90773449e+02  -3.99526101e+02 1.34309100e+00  
2.32300000e+03  gen11perm5      2.00050142e+03  -3.65184280e+01 2.07577720e+01  7.28330194e+03  -3.72471936e+02 -1.72802190e+01 
2.32800000e+03  gen4perm8       -1.28229296e+02 1.32818019e+02  -3.72817600e+00 2.39942206e+03  -1.40602100e+01 3.27141700e+00  
2.37900000e+03  gen10perm8      6.05985010e+02  -1.19963387e+03 1.80439520e+01  -1.74193999e+04 -1.19431781e+03 -1.81090140e+01 
2.49200000e+03  gen7perm10      -2.10198670e+02 6.55368830e+01  -6.04791400e+00 3.40115449e+03  -9.37039000e+00 5.02005000e+00  
3.24200000e+03  gen5perm8       -2.02531258e+02 1.90821309e+02  -6.20317900e+00 3.51920405e+03  -2.21471800e+01 4.53192500e+00  
3.74900000e+03  gen13perm8      -4.15672978e+03 7.57692512e+03  -1.12659547e+02 9.69973985e+04  6.15788171e+03  1.18998086e+02  
3.79300000e+03  gen6perm8       -2.76833220e+02 2.48824599e+02  -8.67818200e+00 4.63898604e+03  -3.02341500e+01 5.79243300e+00  
4.08400000e+03  gen18perm10     3.72639102e+04  -6.81054256e+03 2.24544614e+02  -1.80523108e+05 -8.01689449e+02 -1.54358670e+02 
4.29300000e+03  gen6perm6       7.44030100e+00  -1.43952426e+02 7.60069000e-01  -5.89945981e+02 5.60263260e+02  1.54903000e+00  
4.37400000e+03  gen3perm8       -5.39273340e+01 7.48147290e+01  -1.25317300e+00 1.27964006e+03  -5.97324000e+00 2.01090900e+00  
4.61500000e+03  gen14perm6      -3.45512029e+02 -7.97612912e+03 -2.30147610e+01 1.06201416e+04  5.05084177e+04  1.57821430e+01  
5.21900000e+03  gen11perm10     9.28323428e+02  -2.83080031e+02 4.37996840e+01  -2.02709188e+03 -6.89134976e+02 -2.33618580e+01 
5.69100000e+03  gen13perm6      -2.64313178e+02 -1.15906690e+03 -1.28902480e+01 3.09346658e+04  2.23163141e+04  6.68281000e+00  
5.71600000e+03  gen2perm8       2.03746280e+01  1.68114390e+01  1.22183000e+00  1.59858067e+02  2.11373000e+00  7.50401000e-01  
5.92500000e+03  gen0perm10      2.41780000e-02  3.41661380e+01  2.74700000e-03  6.79608909e+02  3.62075100e+00  7.36995000e-01  
5.92500000e+03  gen1perm10      2.41780000e-02  3.41661380e+01  2.74700000e-03  6.79608909e+02  3.62075100e+00  7.36995000e-01  
5.92500000e+03  gen2perm10      2.41780000e-02  3.41661380e+01  2.74700000e-03  6.79608909e+02  3.62075100e+00  7.36995000e-01  
5.92500000e+03  gen3perm10      2.41780000e-02  3.41661380e+01  2.74700000e-03  6.79608909e+02  3.62075100e+00  7.36995000e-01  
5.92500000e+03  gen4perm10      2.41780000e-02  3.41661380e+01  2.74700000e-03  6.79608909e+02  3.62075100e+00  7.36995000e-01  
5.99300000e+03  gen8perm10      -3.59798474e+02 1.79173138e+02  -1.78101930e+01 5.64383870e+03  -2.33816132e+02 8.71940300e+00  
6.00200000e+03  gen12perm6      -4.82923710e+01 2.31468033e+03  -2.95493000e-01 3.16625282e+04  -2.30628942e+03 1.61917000e-01  
6.13800000e+03  gen11perm8      2.63440571e+02  -3.37785700e+01 -2.43062350e+01 8.33001062e+02  -6.65183928e+02 -1.17632480e+01 
6.38900000e+03  gen22perm8      6.95108613e+04  1.81718986e+04  1.76974932e+03  8.63388150e+05  -2.09625961e+05 -2.17158601e+03 
6.59000000e+03  gen18perm8      -2.86545718e+03 4.67607469e+03  -2.17859623e+02 -4.87855760e+04 -6.76406010e+03 -3.87681797e+02 
6.72200000e+03  gen12perm8      -1.60004430e+03 3.65494567e+03  -8.89004450e+01 4.79752277e+04  2.35893924e+03  3.92707690e+01  
6.93100000e+03  gen9perm6       3.89164610e+01  -2.00883570e+02 1.83706400e+00  -2.53422883e+03 -2.75203729e+03 8.83516000e-01  
7.26300000e+03  gen6perm10      -1.99912820e+01 3.97954700e+00  2.61710600e+00  9.20767923e+02  -2.56242900e+00 1.30566700e+00  
7.69900000e+03  gen9perm10      -3.60186330e+02 2.48177457e+02  -2.74159250e+01 6.79440871e+03  -4.76046962e+02 1.05400520e+01  
8.02200000e+03  gen7perm8       -1.07617043e+02 1.72592330e+02  -2.62756500e+00 4.90302397e+03  -1.33040967e+02 6.38075300e+00  
8.25300000e+03  gen8perm6       6.62462900e+00  -3.88409391e+02 4.80167000e-01  -3.31779164e+03 9.41284624e+02  1.66228600e+00  
8.60600000e+03  gen12perm10     1.60341495e+03  -6.54898714e+02 1.26008738e+02  -1.70240861e+04 8.18807244e+02  -4.10594710e+01 
9.15200000e+03  gen18perm6      1.16885159e+03  3.15391783e+04  5.10175320e+01  -1.70583733e+05 -3.00824330e+05 -7.45926710e+01 
9.19300000e+03  gen5perm2       -3.40419192e+02 9.17799090e+01  -8.61195400e+00 1.79647320e+03  1.22024030e+01  2.62880200e+00  
9.34600000e+03  gen7perm6       9.25290000e-02  -3.22838460e+02 4.55385000e-01  -2.17066541e+03 1.52005262e+03  1.75496900e+00  
9.82400000e+03  gen5perm10      4.16304600e+00  1.46775010e+01  1.65470600e+00  5.67366111e+02  2.85098700e+00  7.39092000e-01  
9.97900000e+03  gen11perm6      7.52101880e+01  1.76961934e+03  5.93214200e+00  2.07532634e+04  -1.13495408e+04 -1.70602300e+00 
1.06300000e+04  gen16perm8      1.38118462e+04  -4.45892209e+04 5.82886022e+02  -2.34169244e+05 -1.90376922e+04 -4.01905599e+02 
1.16020000e+04  gen13perm10     1.65418724e+03  -3.23664562e+02 1.83228886e+02  -2.30199408e+04 2.60690984e+03  -3.45973860e+01 
1.16730000e+04  gen17perm8      2.26272669e+04  -4.98469299e+04 5.35104156e+02  -3.09393489e+05 -3.53177774e+04 -7.19914059e+02 
1.18220000e+04  gen8perm8       1.38989547e+02  -2.03086651e+02 1.90453990e+01  -2.81288661e+03 -5.50025930e+02 3.65273800e+00  
1.20050000e+04  gen19perm10     6.83042848e+04  -1.21837139e+04 3.14730638e+03  -8.03754633e+05 2.33508291e+04  -6.12418887e+02 
1.20250000e+04  gen17perm10     1.67545860e+03  -4.33104879e+02 -9.27348580e+02 1.22542766e+05  -2.29338763e+04 1.59470822e+02  
1.20440000e+04  gen16perm10     -1.22291131e+04 2.42407766e+03  -9.33068809e+02 1.24533567e+05  -1.50686203e+04 1.59125544e+02  
1.25640000e+04  gen10perm6      7.68094710e+01  6.42240294e+02  4.07894400e+00  4.92976320e+03  -8.94145800e+03 -6.78877000e-01 
1.27800000e+04  gen15perm10     -9.37205385e+03 2.01755963e+03  -5.04187329e+02 4.75627198e+04  -2.52739314e+03 7.16998780e+01  
1.27890000e+04  gen20perm10     7.24440868e+04  -6.51337892e+03 5.60411123e+03  -1.17280144e+06 4.79417955e+04  -8.28484830e+02 
1.29100000e+04  gen16perm6      3.36662668e+02  -1.36092301e+04 7.21214790e+01  -1.18500982e+05 -2.31182013e+04 1.23934890e+01  
1.29830000e+04  gen17perm6      1.00402534e+03  1.95009303e+03  1.51121640e+02  -1.64965624e+05 -1.74036793e+05 -2.08250710e+01 
1.30020000e+04  gen9perm8       5.41079798e+02  -8.07248389e+02 4.29769780e+01  -1.45614742e+04 -1.04047640e+03 -5.91543500e+00 
1.31100000e+04  gen21perm10     -5.12502177e+04 6.07912473e+03  3.23858516e+03  -5.29325195e+05 4.98422599e+04  4.37585143e+02  
1.31830000e+04  gen21perm6      -9.83801030e+03 -2.66623718e+04 -9.76255428e+02 9.63843412e+05  1.07677717e+06  2.01116872e+02  
1.34720000e+04  gen15perm8      3.32606554e+03  -1.31968988e+04 2.79031036e+02  -5.36078561e+04 -1.62486806e+03 -3.91859210e+01 
1.35260000e+04  gen14perm10     -2.52518323e+03 5.93870497e+02  -3.40501280e+01 -2.02895112e+04 2.89331103e+03  -3.91988200e+00 
1.35280000e+04  gen12perm2      -5.69722274e+03 1.41846069e+02  -1.22074922e+02 -1.50686082e+03 3.14618129e+03  1.39091600e+01  
1.40480000e+04  gen5perm4       -6.72225000e+01 -1.54589065e+02 -5.01996900e+00 1.58014434e+03  1.22354770e+01  -3.58606430e+01 
1.41780000e+04  gen16perm2      5.98420401e+03  3.27007663e+02  5.65449319e+02  5.84210751e+05  -2.32801730e+04 -5.17619990e+01 
1.45630000e+04  gen2perm2       7.39355650e+01  1.13436370e+01  -3.47249600e+00 6.45058522e+02  1.23243300e+00  3.05206000e-01  
1.48060000e+04  gen22perm10     -2.91546459e+05 3.34464739e+04  -1.33627123e+04 2.99098827e+06  -5.39959968e+03 2.11920674e+03  
1.50500000e+04  gen5perm3       2.82403200e+01  1.98973370e+01  1.24060395e+02  2.29183539e+03  -2.95943893e+02 -9.37868600e+00 
1.55600000e+04  gen19perm6      -1.30889179e+03 5.79245433e+04  -3.31225677e+02 -2.87923765e+02 -1.94055634e+05 -8.92761980e+01 
1.56070000e+04  gen23perm2      1.67397961e+04  1.41177328e+02  2.92897670e+04  1.47685503e+07  -6.25825914e+05 -1.31597039e+03 
1.56330000e+04  gen9perm7       -4.18222535e+04 -3.01118654e+02 6.16444675e+02  -1.03868642e+04 -9.56013038e+02 -2.71538400e+01 
1.57600000e+04  gen8perm3       -8.60285460e+01 -3.61387721e+02 1.06942577e+03  -7.74351591e+03 -1.20904627e+02 4.81377780e+01  
1.58590000e+04  gen10perm10     3.36645130e+01  6.30135820e+01  -1.59231610e+01 6.47646498e+03  -9.25981758e+02 7.05245000e-01  
1.58890000e+04  gen0perm4       7.82447560e+01  1.11478814e+02  4.87929500e+00  1.80802540e+01  9.39173100e+00  5.92644150e+01  
1.58890000e+04  gen1perm4       7.82447560e+01  1.11478814e+02  4.87929500e+00  1.80802540e+01  9.39173100e+00  5.92644150e+01  
1.59570000e+04  gen7perm3       -7.12971760e+01 -5.67283246e+02 1.38569968e+03  -5.01155055e+03 9.65044070e+01  5.38962810e+01  
1.60360000e+04  gen4perm2       -2.63022904e+02 7.03346390e+01  -6.17751630e+01 2.32778130e+03  1.38974090e+01  2.08383500e+00  
1.60380000e+04  gen12perm3      7.47779520e+02  7.22881247e+02  4.18892489e+03  6.56085254e+04  -1.64058321e+03 -1.38613438e+02 
1.60540000e+04  gen2perm4       6.39798410e+01  9.42559010e+01  3.33686500e+00  9.36089017e+02  2.98225200e+00  5.03320150e+01  
1.60670000e+04  gen2perm7       4.82625050e+01  1.38041120e+01  4.80758100e+00  3.20383100e+00  5.98867000e-01  1.72223000e-01  
1.61550000e+04  gen3perm4       -4.23673260e+01 -6.35800100e+00 -2.31621500e+00 1.87556948e+03  -3.59476100e+00 -3.68474460e+01 
1.61570000e+04  gen4perm3       -2.58988300e+00 1.85095236e+02  -4.13332083e+02 3.60899843e+03  -4.73005727e+02 -2.22158450e+01 
1.61720000e+04  gen24perm10     -2.63310962e+05 1.22504514e+04  -3.63801512e+04 6.07944284e+06  -2.43396284e+05 1.53098106e+03  
1.61730000e+04  gen3perm2       -6.41918630e+01 3.24673050e+01  -3.44674540e+01 1.48096023e+03  6.38098000e+00  1.08491900e+00  
1.62110000e+04  gen0perm3       8.15097000e-01  1.37700000e-03  9.72259070e+01  3.40002000e-01  6.34914084e+02  7.71963700e+00  
1.62110000e+04  gen1perm3       8.15097000e-01  1.37700000e-03  9.72259070e+01  3.40002000e-01  6.34914084e+02  7.71963700e+00  
1.62300000e+04  gen15perm6      -8.56320260e+01 -1.26590186e+04 -1.67383400e+00 -4.74042471e+04 4.47119291e+04  1.78930580e+01  
1.63050000e+04  gen6perm7       9.90522879e+03  -3.57148290e+01 1.61131031e+02  8.00655004e+02  -1.56806700e+00 3.84404200e+00  
1.63520000e+04  gen16perm3      -2.94958855e+03 -1.46272770e+03 -3.07951443e+04 1.00679449e+05  -3.84485072e+03 7.20406188e+02  
1.63590000e+04  gen15perm3      -5.12091275e+03 -9.05325488e+03 2.19245942e+04  -4.44334552e+05 9.70018621e+03  6.87310388e+02  
1.63640000e+04  gen0perm8       4.75409330e+01  4.89330000e-02  1.59342800e+00  1.00910000e-02  6.96786700e+00  4.06910000e-02  
1.63640000e+04  gen1perm8       4.75409330e+01  4.89330000e-02  1.59342800e+00  1.00910000e-02  6.96786700e+00  4.06910000e-02  
1.63680000e+04  gen5perm7       -2.29867513e+03 1.44753742e+02  -1.66243318e+02 2.75281641e+03  7.12452900e+00  3.71056000e+00  
1.64860000e+04  gen28perm5      -1.66826256e+06 6.83439504e+03  -1.98764924e+06 -3.23921439e+05 5.36988894e+05  4.77472049e+04  
1.65290000e+04  gen9perm3       -3.44012960e+01 7.82863790e+01  -1.52328097e+03 -5.57322791e+03 -1.10294955e+03 3.12507940e+01  
1.65370000e+04  gen6perm3       -1.63065340e+01 -2.75917222e+02 7.71580149e+02  -9.08109688e+02 -8.08752220e+01 1.70689810e+01  
1.65490000e+04  gen11perm3      6.13012805e+02  1.80085759e+03  -6.63671599e+03 6.30167628e+04  -2.70530996e+03 -1.20631909e+02 
1.65680000e+04  gen8perm7       2.69614424e+04  -5.60116783e+02 1.07400402e+03  -1.09008025e+04 -5.11042816e+02 -1.74682500e+01 
1.65740000e+04  gen5perm9       8.21305600e+00  1.31104107e+02  -1.74308930e+01 -1.05831489e+02 1.56998680e+01  -3.99331000e-01 
1.65790000e+04  gen4perm7       -3.87261040e+03 1.40103276e+02  -1.78147939e+02 2.21991406e+03  5.46747900e+00  2.84214200e+00  
1.65980000e+04  gen4perm4       -1.64333139e+02 -1.11089233e+02 -7.51698300e+00 2.11476404e+03  -5.49824500e+00 -1.20037005e+02 
1.66020000e+04  gen7perm4       8.95555145e+02  3.09202703e+02  2.63141540e+01  -4.37585580e+03 -2.52732562e+02 3.49955074e+02  
1.66130000e+04  gen21perm7      9.75676083e+06  -8.68904485e+04 6.63419107e+03  -3.15508987e+06 -1.65592389e+05 -2.78296055e+03 
1.66280000e+04  gen6perm2       1.38455006e+02  3.34765240e+01  1.01987211e+02  -1.54985630e+03 2.78009000e-01  1.59119800e+00  
1.66370000e+04  gen3perm3       -1.12328700e+00 1.22838229e+02  -3.03316952e+02 2.10720530e+03  3.38511100e+01  -1.11882100e+01 
1.66410000e+04  gen19perm3      2.03778033e+04  1.94045113e+04  -5.44890248e+04 1.61929824e+06  4.88918647e+03  -2.31692178e+03 
1.66620000e+04  gen3perm7       -1.91046887e+03 7.22464800e+01  -8.54747050e+01 9.08390407e+02  2.17250200e+00  1.16085800e+00  
1.66960000e+04  gen12perm7      -1.80902400e+05 9.23934256e+02  -4.85693981e+03 2.78240337e+04  1.34844757e+03  6.16359670e+01  
1.67030000e+04  gen12perm5      3.22782775e+03  -9.12457460e+01 -2.47480701e+03 1.43574541e+04  2.61495505e+02  -3.05180410e+01 
1.67460000e+04  gen18perm5      3.59687299e+04  -1.97280516e+03 -3.12641538e+04 1.31014856e+05  -2.00052568e+03 -3.71927230e+02 
1.67680000e+04  gen11perm2      -5.66192991e+03 2.68760280e+02  -9.95210028e+02 2.55260772e+04  7.15767520e+01  1.04020000e+01  
1.67830000e+04  gen10perm7      -1.43086239e+05 -2.35474100e+01 -1.25356096e+03 2.40050557e+03  -5.13914132e+02 -1.22809540e+01 
1.67910000e+04  gen21perm5      -1.50001873e+05 5.11541316e+03  -2.33416605e+04 -3.02127117e+05 1.31755146e+04  3.06815845e+02  
1.68240000e+04  gen9perm9       -3.66553015e+02 3.16752746e+02  -1.20717253e+02 4.86967815e+04  -1.41416677e+03 1.11457100e+00  
1.68280000e+04  gen14perm8      -3.39848447e+03 6.31879338e+03  -1.00619480e+01 5.06037753e+04  5.69570616e+03  1.34616693e+02  
1.68400000e+04  gen7perm5       -1.92670293e+02 6.47406450e+01  4.21866834e+02  8.20380724e+02  -2.48396620e+01 3.71894900e+00  
1.68700000e+04  gen9perm4       -1.07436979e+03 1.36843448e+02  -2.58316750e+01 3.62113760e+02  -1.05828201e+03 -3.84733705e+02 
1.68730000e+04  gen15perm2      3.05686213e+04  -6.52767650e+02 7.01022803e+03  -8.81724836e+03 -6.83421912e+03 -5.26377300e+01 
1.68840000e+04  gen11perm7      -2.13881995e+05 4.53214154e+02  -3.37758563e+03 2.49166298e+04  6.04681362e+02  2.39868820e+01  
1.68960000e+04  gen16perm7      8.67068357e+05  -3.87394677e+03 2.79410144e+04  -1.49260127e+05 -9.36317555e+03 -2.49647436e+02 
1.68980000e+04  gen12perm9      1.76308984e+03  1.46954589e+03  -6.74344789e+02 -6.73510325e+04 3.59464135e+03  4.96988700e+00  
1.69000000e+04  gen8perm5       -4.02326621e+02 7.99953970e+01  1.02722153e+03  -2.71873192e+02 -2.58349761e+02 7.01640700e+00  
1.69040000e+04  gen13perm7      4.04481732e+04  7.14560640e+02  -3.15365935e+03 -2.69800795e+04 6.63572331e+02  2.10125230e+01  
1.69050000e+04  gen20perm2      1.43455772e+05  -1.40671632e+03 3.83338063e+04  -3.35236739e+06 1.24074727e+05  2.66268865e+02  
1.69080000e+04  gen2perm3       4.01254000e-01  4.51608460e+01  -3.84931160e+01 5.68412064e+02  3.42046683e+02  1.07108300e+00  
1.69150000e+04  gen10perm3      2.25792822e+02  9.67431854e+02  -5.07591245e+03 2.35247699e+04  -2.35541727e+03 -3.51256200e+01 
1.69180000e+04  gen19perm5      4.03110319e+04  -3.54406885e+03 -9.17712029e+04 2.84763175e+05  1.95471841e+03  -7.41618222e+02 
1.69200000e+04  gen19perm2      -8.61014225e+04 3.63076015e+03  -1.64080192e+04 1.49135110e+05  5.22069154e+04  1.32591163e+02  
1.69210000e+04  gen20perm5      -3.26787443e+04 -2.21963058e+03 -8.68167538e+04 2.29448948e+05  9.13017753e+03  -6.08031763e+02 
1.69250000e+04  gen14perm5      -2.30335215e+03 1.34964009e+02  -1.67885565e+03 3.41472575e+03  6.90529830e+02  9.91298600e+00  
1.69280000e+04  gen15perm5      -6.73341800e+03 4.12608849e+02  1.00367245e+04  -2.53913192e+04 -2.33944413e+02 5.90304370e+01  
1.69410000e+04  gen7perm2       8.01111761e+02  7.14965000e-01  2.13367213e+02  -4.01619716e+03 -3.04451050e+01 1.17222200e+00  
1.69460000e+04  gen15perm7      1.04827940e+06  -4.90224293e+03 1.87176506e+04  -2.31898144e+05 -9.21262205e+03 -1.58016025e+02 
1.69570000e+04  gen7perm7       2.69225679e+04  -3.67718896e+02 6.98929225e+02  -4.69166929e+03 -1.02669900e+02 -3.49819300e+00 
1.69640000e+04  gen9perm5       -3.80636262e+02 6.28784420e+01  1.40822614e+03  -1.34590519e+03 -4.99618270e+02 6.94429500e+00  
1.69670000e+04  gen6perm5       1.67634340e+01  4.46521520e+01  -9.83750060e+01 1.43600014e+03  -6.51296500e+00 5.82357000e-01  
1.69680000e+04  gen10perm2      -2.26412257e+03 2.24615519e+02  -9.52982941e+02 1.72068842e+04  -1.24867719e+03 4.49830900e+00  
1.69800000e+04  gen14perm7      6.08654292e+05  -1.79461042e+03 6.31201815e+03  -1.48171367e+05 -3.77746197e+03 -3.17756610e+01 
1.69860000e+04  gen8perm2       1.24147217e+03  3.72459930e+01  1.49936115e+02  -3.37073660e+03 -5.06473095e+02 6.21285000e-01  
1.69870000e+04  gen13perm5      1.73978611e+03  -7.37416080e+01 -4.99239312e+03 1.64525338e+04  8.70510929e+02  -2.06194140e+01 
1.69910000e+04  gen16perm5      -5.04745494e+03 4.81296803e+02  2.26952477e+04  -5.13091695e+04 -1.88635680e+03 9.33449010e+01  
1.70000000e+04  gen14perm2      1.59110576e+04  -5.64586131e+02 5.52708194e+03  -1.71819850e+05 3.12502200e+03  -2.14195280e+01 
1.70110000e+04  gen14perm3      -3.13346921e+03 -5.88704112e+03 3.65630820e+04  -3.28751954e+05 7.30302173e+03  2.82694252e+02  
1.70190000e+04  gen2perm9       2.38910000e-02  6.57593200e+00  5.19453800e+00  9.72754568e+02  5.81312000e-01  8.48129000e-01  
1.70230000e+04  gen9perm2       8.48935711e+02  1.18982977e+02  -3.55284842e+02 4.17672589e+03  -1.10151817e+03 1.11257100e+00  
1.70260000e+04  gen6perm9       -1.33473610e+01 8.29957900e+00  1.06662550e+02  -1.02811605e+04 -1.05041950e+01 -4.11086000e-01 
1.70320000e+04  gen17perm2      -5.09816678e+04 2.07993393e+03  -1.14185025e+04 1.19889226e+06  -2.69578426e+04 -4.29259790e+01 
1.70350000e+04  gen10perm9      3.13370119e+02  1.12096083e+03  -1.08441729e+03 1.06087570e+05  -2.01512732e+03 3.59471200e+00  
1.70410000e+04  gen13perm2      4.37120667e+02  -1.36830025e+02 2.65086441e+03  -8.88784299e+04 5.81870195e+03  7.02511100e+00  
1.70440000e+04  gen8perm4       5.94001481e+02  3.23112795e+02  2.35625800e+01  -5.03989884e+03 -6.10132397e+02 3.85770049e+02  
1.70450000e+04  gen0perm2       1.16250303e+02  2.35834000e-01  1.16209250e+01  4.86361660e+01  8.24410000e-02  3.02490000e-02  
1.70450000e+04  gen1perm2       1.16250303e+02  2.35834000e-01  1.16209250e+01  4.86361660e+01  8.24410000e-02  3.02490000e-02  
1.70520000e+04  gen6perm4       3.53429263e+02  2.92274650e+01  8.74884300e+00  -1.19923816e+03 3.83361310e+01  1.47899858e+02  
1.70690000e+04  gen11perm9      1.09253874e+03  1.65086479e+03  -1.92133209e+03 1.18669814e+05  -3.44467408e+02 4.86045000e+00  
1.70710000e+04  gen5perm5       1.62344010e+01  3.14263050e+01  -3.29708257e+02 2.20541799e+03  6.70609700e+00  -7.05373000e-01 
1.70770000e+04  gen16perm9      -5.57113726e+03 -6.40776295e+02 -6.42436152e+03 1.83130924e+06  -4.84063969e+04 -1.11975070e+01 
1.70840000e+04  gen13perm3      -3.27789181e+02 -2.06956956e+03 2.51079725e+04  -7.97214582e+04 2.13240541e+03  -6.07617830e+01 
1.70960000e+04  gen7perm9       -2.17448107e+02 -1.12806854e+02 2.39317491e+02  -1.77039277e+04 -4.51791160e+01 -2.47087000e-01 
1.71030000e+04  gen10perm5      4.33428119e+02  3.22922840e+01  9.37768013e+02  6.06734830e+02  -4.66939838e+02 7.15618000e-01  
1.71110000e+04  gen2perm5       2.51190000e-02  3.03713400e+01  5.12065660e+01  6.61736480e+01  2.30175800e+00  1.15253400e+00  
1.71120000e+04  gen0perm7       9.83210123e+02  1.33150000e-02  4.94577130e+01  2.29829900e+00  4.85700000e-03  2.40170000e-02  
1.71120000e+04  gen1perm7       9.83210123e+02  1.33150000e-02  4.94577130e+01  2.29829900e+00  4.85700000e-03  2.40170000e-02  
1.71130000e+04  gen0perm5       7.12390000e-02  2.99929630e+01  1.45014958e+02  3.06207000e-01  1.14959000e-01  1.17967600e+00  
1.71130000e+04  gen1perm5       7.12390000e-02  2.99929630e+01  1.45014958e+02  3.06207000e-01  1.14959000e-01  1.17967600e+00  
1.71130000e+04  gen3perm9       2.72950000e-02  5.09404440e+01  -2.10081320e+01 2.88018259e+03  3.51782100e+00  4.08188000e-01  
1.71160000e+04  gen3perm5       -7.04660000e-02 3.10487050e+01  -1.13803825e+02 6.64677521e+02  4.82977400e+00  6.96510000e-01  
1.71180000e+04  gen17perm5      1.27239753e+04  -1.81268658e+02 1.13785923e+04  -9.47321850e+03 -3.62499152e+03 -4.12377500e+00 
1.71200000e+04  gen0perm9       2.26600000e-02  8.71800000e-03  1.88587210e+01  3.39042000e-01  2.00600000e-03  1.19466400e+00  
1.71200000e+04  gen1perm9       2.26600000e-02  8.71800000e-03  1.88587210e+01  3.39042000e-01  2.00600000e-03  1.19466400e+00  
1.71270000e+04  gen4perm5       -1.67338000e-01 3.56621840e+01  -2.86380414e+02 1.79015126e+03  8.11780000e+00  -1.38755000e-01 
1.71270000e+04  gen8perm9       -4.03629323e+02 -1.36741724e+02 2.50909745e+02  -4.14503013e+03 -5.40952644e+02 2.97620000e-02  
1.71290000e+04  gen4perm9       3.10000000e-02  1.20939902e+02  -4.85068410e+01 4.43941504e+03  1.03753950e+01  -6.12530000e-02 
1.71310000e+04  gen13perm9      1.91892197e+02  -1.54047041e+03 1.57928060e+03  -4.55988659e+05 7.85975107e+03  -1.10062900e+00 
1.71720000e+04  gen24perm5      5.47418873e+04  4.37160929e+03  5.02285189e+05  -4.50168600e+05 -7.99506540e+04 -7.64867080e+02 
1.71970000e+04  gen15perm9      -8.73563578e+03 -9.34555863e+03 3.24892401e+03  -8.04401640e+04 -1.42903543e+04 -2.14389230e+01 
1.72010000e+04  gen18perm2      -1.12451382e+05 3.52960884e+03  -2.46836559e+04 1.51317224e+06  -6.36667035e+03 3.72941000e-01  
1.72350000e+04  gen14perm9      -4.19473389e+03 -7.42585081e+03 3.99041720e+03  -6.91561748e+05 7.08310766e+03  -1.19096300e+01 
1.72410000e+04  gen17perm7      -9.61970027e+05 7.17532585e+03  2.15894719e+04  3.20438249e+05  6.00855547e+03  -5.33866430e+01 
1.72730000e+04  gen31perm10     -1.56607674e+07 -1.76135494e+04 -1.33887694e+06 2.60214768e+08  -7.31391958e+06 -2.47392054e+04 
1.72840000e+04  gen21perm2      5.26263704e+05  -7.46485963e+03 1.32347832e+05  -7.02723359e+06 1.29851323e+05  2.11405918e+02  
1.74110000e+04  gen22perm2      5.53549881e+05  -1.05342713e+04 1.97692215e+05  -2.71393062e+06 -1.35936105e+05 -4.01612093e+02 
1.74190000e+04  gen10perm4      -3.90689664e+03 -8.39635648e+02 -1.03116573e+02 1.34400142e+04  -1.33584172e+03 -1.99973410e+03 
1.75130000e+04  gen17perm3      5.30523490e+03  1.26822077e+04  -1.28706461e+05 1.26627205e+06  -3.01878084e+04 -3.12437871e+02 
1.76140000e+04  gen22perm5      -2.31102505e+05 1.74267502e+04  2.38176712e+05  -9.78553507e+05 -4.44272697e+03 1.87692581e+03  
1.76780000e+04  gen19perm7      -5.34207282e+06 1.83793383e+04  -1.59241820e+05 1.13399510e+06  3.66805624e+04  1.24525889e+03  
1.77590000e+04  gen23perm10     -4.55907375e+05 4.71355292e+04  -3.27085672e+04 6.61563104e+06  -1.29282352e+05 2.79764863e+03  
1.77770000e+04  gen18perm7      -3.53048407e+06 2.11643094e+04  -5.41784432e+04 9.59131427e+05  2.66095734e+04  5.71821973e+02  
1.78150000e+04  gen11perm4      -5.28891439e+03 -2.25508656e+03 -1.15877360e+02 2.91619718e+04  1.05427553e+02  -2.87549753e+03 
1.78860000e+04  gen23perm5      -1.79493822e+05 2.04502179e+04  5.27890947e+05  -1.11144009e+06 -4.32232240e+04 3.06204567e+03  
1.79400000e+04  gen23perm3      -3.64969071e+04 -3.16770048e+04 -4.22679397e+05 5.39992811e+06  -8.01642666e+04 1.30710090e+04  
1.79460000e+04  gen13perm4      1.29798468e+04  2.00338998e+02  3.27446634e+02  1.09883770e+04  8.78841706e+03  9.13768144e+03  
1.79810000e+04  gen17perm9      3.22605359e+03  1.96830267e+04  -2.07117060e+04 3.94598236e+06  -7.28532386e+04 2.95830230e+01  
1.80580000e+04  gen25perm5      6.14589801e+05  -2.91820518e+04 -5.58921008e+05 1.54277595e+06  -5.97185959e+04 -1.14301541e+04 
1.81360000e+04  gen24perm2      -9.86406541e+05 2.35391049e+04  -2.77687802e+05 3.78309702e+07  -9.08903978e+05 -1.33332752e+03 
1.81640000e+04  gen14perm4      2.83182949e+04  5.19868772e+03  6.93388304e+02  -1.04111410e+04 7.33610184e+03  2.11087365e+04  
1.83210000e+04  gen20perm7      -3.52344956e+06 -2.45985232e+04 -1.72333696e+05 -6.04967270e+04 -2.92135230e+04 2.61646371e+02  
1.83430000e+04  gen18perm3      1.92408564e+04  2.81723931e+04  -1.86981857e+05 2.20832648e+06  -5.07070527e+04 -1.69029782e+03 
1.84580000e+04  gen20perm3      -3.89690895e+03 -2.62325647e+04 3.23098166e+05  -2.90781801e+06 1.15315651e+05  -3.31718398e+02 
1.85330000e+04  gen15perm4      1.87217924e+04  9.64855913e+03  6.58928455e+02  -3.72367356e+04 -1.25663409e+04 2.43902525e+04  
1.85340000e+04  gen12perm4      -1.45193932e+03 -2.22226348e+03 -1.95495790e+01 2.90799509e+04  4.64228854e+03  -1.01710001e+03 
1.85890000e+04  gen25perm10     5.07363600e+05  -7.94923953e+04 2.88912348e+04  -5.60184823e+06 -2.06154857e+05 -5.24309674e+03 
1.86490000e+04  gen34perm2      -4.13017747e+07 -3.55444079e+04 -8.65922488e+06 -7.26926837e+09 9.39623377e+07  1.51326960e+05  
1.87300000e+04  gen27perm2      7.66397997e+05  -3.87069734e+04 -3.08678924e+05 -1.37664334e+08 3.66815645e+06  7.16342693e+03  
1.87410000e+04  gen20perm9      4.10956364e+04  -3.00909691e+04 4.49615790e+04  -1.12045415e+07 4.15490090e+05  -5.16441710e+01 
1.87530000e+04  gen17perm4      -1.06990086e+05 -1.56389794e+04 -1.56592869e+03 5.28250669e+03  -4.48632739e+04 -5.23386043e+04 
1.88030000e+04  gen17perm1      -5.98084482e+02 7.34561065e+03  -2.26784981e+02 2.00148757e+05  -4.85547243e+04 -1.44527333e+04 
1.88390000e+04  gen26perm2      -2.41123884e+06 3.37540800e+04  -6.25626449e+05 -1.60329251e+07 1.83823726e+06  4.28551311e+03  
1.89030000e+04  gen0perm6       4.14045600e+00  1.57941100e+00  2.16400000e-03  2.23200000e-03  1.76127041e+02  4.68346000e-01  
1.89030000e+04  gen1perm6       4.14045600e+00  1.57941100e+00  2.16400000e-03  2.23200000e-03  1.76127041e+02  4.68346000e-01  
1.89460000e+04  gen10perm1      1.85577628e+02  -1.45108969e+03 1.24168210e+01  8.11829447e+03  -1.87490160e+03 1.79908409e+03  
1.89810000e+04  gen2perm6       3.47829600e+00  1.97242610e+01  2.17800000e-03  3.30507875e+02  2.13659340e+01  6.77907000e-01  
1.89990000e+04  gen6perm1       1.30877020e+01  -1.32564930e+02 -8.99866000e-01 3.38326314e+03  -4.20234310e+01 -3.73968330e+02 
1.90160000e+04  gen24perm7      -3.39131115e+07 3.42076002e+04  9.96658209e+05  1.05973522e+07  2.52402483e+04  -2.38445802e+03 
1.90270000e+04  gen3perm6       1.63299100e+00  7.27520970e+01  2.24400000e-03  8.26753772e+02  -2.44038668e+02 1.15699200e+00  
1.90740000e+04  gen7perm1       -8.68667450e+01 6.40604223e+02  -8.11702100e+00 -2.26147809e+03 2.37992250e+02  3.00320736e+03  
1.90860000e+04  gen4perm6       -4.30647700e+00 1.26065946e+02  2.58000000e-03  1.39758261e+03  -4.59967217e+02 1.45284400e+00  
1.91170000e+04  gen8perm1       -1.84552550e+02 1.65484755e+03  -1.41569960e+01 -1.12724081e+04 2.54942207e+02  6.41973123e+03  
1.91350000e+04  gen9perm1       -2.19612573e+02 1.42697457e+03  -1.24781980e+01 -1.10117195e+04 -4.97351156e+02 6.58773177e+03  
1.91460000e+04  gen16perm4      -3.68677303e+04 4.88720887e+03  8.56598860e+01  -5.57896067e+04 -4.23561199e+04 2.04973835e+04  
1.91660000e+04  gen3perm1       -9.77160000e-02 -1.62063321e+02 1.16400000e-03  2.88555739e+03  -2.56085680e+01 -9.64872180e+01 
1.91700000e+04  gen11perm1      8.14231170e+02  -7.07971523e+03 5.22866770e+01  4.19097563e+04  -2.93962009e+03 -9.78991504e+03 
1.91740000e+04  gen5perm1       1.01921120e+01  -4.77014388e+02 3.04633000e-01  6.20213934e+03  -1.15321920e+02 -1.25818217e+03 
1.91850000e+04  gen2perm1       9.26303000e-01  1.35887680e+01  2.88100000e-03  9.62330479e+02  1.88164870e+01  2.63557135e+02  
1.91870000e+04  gen0perm1       1.05065200e+00  1.10121258e+02  3.93900000e-03  1.20300000e-03  2.85520510e+01  2.68668884e+02  
1.91870000e+04  gen1perm1       1.05065200e+00  1.10121258e+02  3.93900000e-03  1.20300000e-03  2.85520510e+01  2.68668884e+02  
1.91970000e+04  gen4perm1       -2.41793200e+00 -3.30044465e+02 -7.31000000e-04 4.69855285e+03  -8.42588830e+01 -7.49342882e+02 
1.93270000e+04  gen20perm4      3.67440698e+05  2.52922550e+04  3.45738298e+02  1.91355898e+05  2.77297927e+05  -1.09892439e+04 
1.93300000e+04  gen14perm1      -3.27859182e+03 6.55416564e+03  -1.68400230e+01 -1.24558818e+05 7.31211085e+03  3.22414276e+04  
1.94470000e+04  gen12perm1      1.35388672e+03  -1.21162605e+04 8.44205910e+01  7.47857481e+04  -2.35105592e+03 -2.26039701e+04 
1.95310000e+04  gen18perm9      2.31500813e+04  4.09651738e+04  -3.06081209e+04 2.46258948e+06  1.05534334e+03  8.28323750e+01  
1.96990000e+04  gen13perm1      5.93592732e+02  -1.60138766e+04 4.20778060e+01  2.89811874e+04  1.96681456e+03  -1.79003772e+04 
1.97530000e+04  gen31perm5      3.53066143e+06  4.46803290e+04  1.35914275e+07  -9.35162750e+06 -3.35176674e+06 -6.59359859e+04 
1.99060000e+04  gen30perm2      6.54230493e+06  5.15161254e+04  2.17686218e+06  3.50492121e+08  -1.18162750e+07 -3.85988946e+04 
1.99730000e+04  gen20perm6      -6.14725914e+03 5.13783234e+04  -8.13021482e+02 4.80812978e+05  3.27350359e+05  1.25227690e+01  
2.00410000e+04  gen25perm2      -2.01310175e+06 4.68485902e+04  -6.26887145e+05 4.38974398e+07  3.40726487e+03  5.64737206e+02  
2.02470000e+04  gen19perm9      4.02013428e+04  5.14465586e+04  -1.58441542e+04 -2.25202090e+06 2.08808434e+05  9.30442490e+01  
2.02900000e+04  gen19perm4      -2.96755570e+03 -3.33140304e+04 -3.02625490e+03 2.49741377e+05  1.67924860e+05  -1.64866767e+05 
2.03590000e+04  gen18perm4      -1.08653317e+05 -3.69411620e+04 -3.42463159e+03 1.31325054e+05  1.69759398e+04  -1.36286737e+05 
2.03950000e+04  gen29perm1      -1.46188424e+06 2.64586415e+04  -7.62486600e+04 -3.49423962e+08 8.18893669e+06  6.74408761e+07  
2.04850000e+04  gen19perm8      -3.70485060e+04 1.58451662e+05  -1.81625188e+03 4.79137733e+05  5.99667479e+04  1.30170090e+03  
2.12850000e+04  gen15perm1      -8.17305163e+03 3.93769812e+04  -1.29277609e+02 -3.35401493e+05 6.50602399e+03  9.75250588e+04  
2.16870000e+04  gen22perm6      -6.25405074e+03 -1.75899788e+05 2.48298474e+02  5.46430518e+05  1.17224748e+06  3.71273059e+02  
2.17230000e+04  gen23perm7      1.77048282e+07  -7.33454833e+04 8.73885403e+05  -4.30964395e+06 -2.56478087e+05 -9.07128934e+03 
2.18080000e+04  gen23perm4      -1.89396801e+06 6.33733721e+04  9.78307053e+03  -8.64930478e+05 -1.62428552e+06 2.33087215e+05  
2.18480000e+04  gen26perm5      1.08547218e+06  -7.41510284e+04 -2.69847335e+06 3.88305949e+06  1.69214133e+05  -2.11723316e+04 
2.21290000e+04  gen27perm5      5.74034614e+05  -7.52179302e+04 -3.56256221e+06 4.05011360e+06  5.27926171e+05  7.82126003e+02  
2.29880000e+04  gen16perm1      -8.70273389e+03 6.40437600e+04  -2.18338096e+02 -3.53521806e+05 -1.10967845e+04 1.21052614e+05  
2.30210000e+04  gen21perm3      -6.52483968e+04 -9.31015469e+04 7.86139729e+05  -9.70239900e+06 2.13873031e+05  8.07837443e+03  
2.33290000e+04  gen27perm10     2.37463565e+06  -1.24463588e+05 2.15152940e+05  -3.05321747e+07 1.42500468e+06  -1.66933783e+04 
2.39240000e+04  gen22perm3      -1.17332426e+05 -1.11625902e+05 9.77145833e+05  -1.11815744e+07 1.89742178e+05  1.69554783e+04  
2.40360000e+04  gen22perm7      2.77475986e+07  -1.12602352e+05 4.44021636e+05  -6.24073770e+06 -2.52994477e+05 -6.58679412e+03 
2.49810000e+04  gen28perm10     -2.45366694e+05 1.94151766e+05  -4.46983246e+04 -1.47356515e+07 1.64255440e+06  7.63087740e+03  
2.51270000e+04  gen24perm9      -1.21271097e+05 1.32017375e+05  -1.95530685e+05 4.57707138e+07  -2.79823854e+06 2.08629974e+03  
2.54970000e+04  gen26perm8      -4.48463253e+05 2.62069410e+05  -2.36738989e+04 -1.87556520e+05 3.13442489e+06  8.45230681e+03  
2.55290000e+04  gen26perm10     1.77348529e+06  -1.82791703e+05 1.39108808e+05  -2.30143739e+07 4.75158761e+05  -1.41011704e+04 
2.56300000e+04  gen20perm8      -6.60896403e+04 3.04713641e+05  -2.83429156e+03 1.02308789e+06  1.35131695e+05  3.59382429e+03  
2.57140000e+04  gen21perm1      -5.06680369e+04 1.09311732e+05  1.86932322e+02  -1.39581463e+06 1.69226660e+05  5.79509533e+05  
2.57560000e+04  gen29perm5      -4.29231540e+06 1.58819203e+05  2.56006461e+06  -1.05266412e+07 2.54495786e+05  9.33581478e+04  
2.60040000e+04  gen21perm8      -6.91008461e+04 2.68720099e+05  -1.46922820e+03 1.13023146e+06  1.42651706e+05  3.61816195e+03  
2.65360000e+04  gen18perm1      1.52389306e+04  -1.26131012e+05 1.26712550e+02  1.51671649e+06  -7.58413123e+04 -3.01538943e+05 
2.66200000e+04  gen24perm6      1.56859389e+04  -1.96218059e+05 5.10885058e+03  -3.00456581e+06 -4.96426316e+06 -3.36839548e+02 
2.71180000e+04  gen23perm9      -2.29351526e+05 -1.74156176e+05 9.69094813e+04  1.24719845e+07  -1.91254991e+06 -8.41252710e+01 
2.72930000e+04  gen28perm2      6.04580638e+06  -1.83814142e+05 3.19977154e+05  -2.46836807e+08 4.83170674e+06  2.75762092e+03  
2.75310000e+04  gen21perm9      -1.37071928e+04 -1.87056665e+05 1.32499950e+05  -1.77143422e+07 2.21876886e+05  -3.80343925e+02 
2.78980000e+04  gen25perm1      3.21519415e+05  -1.58819157e+05 8.52136884e+03  4.14472679e+07  -1.40062042e+06 -7.81948886e+06 
2.79320000e+04  gen21perm4      7.43215882e+05  1.66329737e+05  5.70115905e+03  -1.88698040e+05 1.46085040e+05  4.99352007e+05  
2.80220000e+04  gen23perm6      3.05354987e+03  -2.68330603e+05 2.83400098e+03  -8.80793371e+05 -7.01532659e+05 3.13158897e+02  
2.81080000e+04  gen25perm7      -1.10212429e+08 2.30049395e+05  -4.22077304e+05 3.67283805e+07  7.74649567e+05  1.68494968e+04  
2.82640000e+04  gen23perm8      2.88157213e+05  -4.24102548e+05 7.48895770e+03  -4.89991179e+05 -6.42104918e+05 -1.34844167e+04 
2.88030000e+04  gen20perm1      1.09019775e+04  -1.85350824e+05 1.28852918e+03  2.39981718e+06  4.10537751e+04  -5.07279525e+05 
2.93630000e+04  gen25perm6      2.34843205e+04  4.14147553e+05  6.38596246e+03  -3.55184120e+06 -8.23555477e+06 -1.43880442e+03 
2.93970000e+04  gen26perm3      4.33054986e+05  5.26808740e+05  2.86353509e+05  9.48453089e+06  -1.10799882e+06 -1.28115162e+05 
2.98570000e+04  gen29perm2      1.08629133e+07  -2.77601505e+05 1.63799267e+06  -2.69133523e+08 -1.13761305e+06 -1.53554551e+04 
2.99920000e+04  gen22perm9      -1.33114626e+05 -2.79201538e+05 1.61061245e+05  -1.18873022e+07 -7.04226372e+05 -7.01197637e+02 
3.01540000e+04  gen30perm5      -4.33327154e+06 2.94327085e+05  9.82428390e+06  -2.01794686e+07 -1.33807717e+06 1.17926487e+05  
3.03030000e+04  gen24perm3      1.83331518e+05  3.01470751e+05  -2.79602156e+06 3.24465118e+07  -7.57832390e+05 -3.26454009e+04 
3.04300000e+04  gen32perm5      1.29587285e+07  -7.35850785e+05 -3.90675367e+05 3.34519950e+07  -3.24773649e+06 -4.10607767e+05 
3.05370000e+04  gen22perm4      3.40233740e+05  2.54829960e+05  1.09366248e+04  -7.32147765e+05 -7.29312513e+05 1.02381245e+06  
3.09000000e+04  gen19perm1      3.15033582e+04  -2.61885555e+05 8.02792590e+02  2.55810394e+06  -4.70359283e+04 -5.71406433e+05 
3.11950000e+04  gen28perm7      3.36167167e+08  -5.44488763e+05 -3.33005025e+05 -1.10692304e+08 -3.50539693e+06 -5.91292525e+04 
3.15950000e+04  gen26perm7      -1.48005230e+08 3.79706652e+05  -3.17362039e+06 5.71118340e+07  1.51494329e+06  3.78987421e+04  
3.17470000e+04  gen27perm7      -7.85057715e+07 3.79897378e+05  -5.53492960e+06 -1.37976962e+07 1.15415714e+05  2.19547157e+04  
3.21010000e+04  gen24perm8      4.33136192e+05  -8.94843971e+05 1.04087413e+04  -2.74059749e+06 -6.67342225e+05 -2.26133592e+04 
3.23740000e+04  gen35perm10     -2.80964770e+07 9.04848555e+05  -6.17611731e+05 -9.19358240e+08 4.14747030e+07  -1.87353238e+05 
3.26050000e+04  gen26perm6      -1.09333629e+04 1.41539260e+06  -2.70138085e+03 -8.86935819e+04 -7.14529172e+06 -2.26189433e+03 
3.27950000e+04  gen30perm3      -1.61022798e+06 -9.34398284e+05 -3.51230816e+06 -1.15310966e+08 3.35319361e+06  8.91413865e+05  
3.31660000e+04  gen27perm9      1.41831654e+06  6.40679530e+05  7.90016973e+04  -8.88407272e+07 1.18642271e+07  -5.60467834e+03 
3.32670000e+04  gen29perm10     -8.55285431e+06 6.83276181e+05  -7.02389516e+05 8.75409018e+07  -3.30607452e+05 5.82615683e+04  
3.35110000e+04  gen31perm2      -2.17812439e+07 5.92274960e+05  1.33504509e+06  1.65259805e+09  -2.13794669e+07 -3.44981622e+04 
3.40820000e+04  gen27perm8      -1.80133751e+06 1.87847111e+06  -4.64957003e+04 1.15647208e+07  3.88945514e+06  9.87498616e+04  
3.41040000e+04  gen28perm6      -1.82003317e+05 -1.26331209e+06 -3.71688399e+04 1.46454058e+07  2.76781010e+07  7.47751572e+03  
3.41110000e+04  gen30perm10     -1.64066823e+07 8.27809059e+05  -1.26066032e+06 2.05354034e+08  -4.16428904e+06 9.33735159e+04  
3.41370000e+04  gen25perm3      4.80997640e+05  6.82421252e+05  -4.36017524e+06 5.61937647e+07  -1.30550056e+06 -1.01882352e+05 
3.42430000e+04  gen32perm10     6.59477781e+06  -2.65629975e+06 6.86394680e+05  9.15799809e+07  -4.15251085e+06 -3.34382030e+05 
3.44840000e+04  gen25perm9      4.08574704e+05  6.97564776e+05  -5.68558072e+05 6.12776972e+07  -3.58389337e+05 4.37385623e+03  
3.45800000e+04  gen24perm4      -4.38210058e+06 -5.41474770e+05 5.35955001e+03  8.48760634e+04  -1.90646130e+06 -1.26136718e+06 
3.47550000e+04  gen29perm6      -1.39398035e+05 -6.13859651e+06 -2.04872433e+04 1.07394707e+07  4.01405630e+07  1.53248890e+04  
3.47900000e+04  gen34perm4      4.95382640e+08  2.58199362e+06  -1.30753736e+06 6.91664644e+07  3.04608342e+08  3.03656273e+06  
3.48940000e+04  gen30perm4      -5.83309335e+07 7.54373561e+06  2.14748761e+05  -1.99363135e+07 -4.17997334e+07 2.34633335e+05  
3.49810000e+04  gen29perm8      3.53799505e+05  2.19046664e+06  2.97881850e+04  2.67498734e+07  -6.49379723e+06 8.84249833e+04  
3.52120000e+04  gen22perm1      -1.35368358e+05 6.19893145e+05  -1.87195549e+03 -9.31218778e+06 2.09120826e+05  2.30562919e+06  
3.52850000e+04  gen33perm2      -8.90334095e+07 8.88840596e+05  -5.63121982e+06 -1.31959751e+09 3.37562265e+07  6.40116978e+04  
3.53290000e+04  gen42perm2      5.37298003e+09  -4.99468492e+07 -3.16623598e+06 -2.49182945e+11 3.40301587e+09  2.91267021e+06  
3.53720000e+04  gen33perm8      -2.46202365e+07 1.18404773e+07  -4.78645084e+05 -1.59272575e+08 1.20791004e+07  7.28220578e+05  
3.53920000e+04  gen42perm10     2.69678035e+09  -1.57110957e+08 2.06257244e+07  -3.58900742e+10 4.91379462e+08  -1.71441086e+07 
3.54190000e+04  gen45perm10     -1.31736959e+10 4.95622350e+08  -1.43594369e+08 2.93326535e+11  -6.71026480e+09 1.14830080e+08  
3.54750000e+04  gen49perm3      -4.41999138e+10 -4.72541532e+10 -1.44574771e+10 3.55756573e+12  9.26822592e+10  1.02257325e+10  
3.54950000e+04  gen47perm6      5.14699039e+08  1.20134451e+10  4.55224220e+07  -1.39107188e+10 -5.40586860e+11 -5.13542857e+07 
3.55060000e+04  gen36perm6      -3.75543432e+05 -1.66537028e+08 -6.26069875e+05 1.03628485e+08  2.03582663e+09  4.03778323e+05  
3.56180000e+04  gen43perm6      -1.58814391e+08 8.88274242e+06  -2.06517276e+07 2.12160088e+09  6.86615703e+10  7.95095580e+06  
3.57250000e+04  gen37perm4      1.28157706e+08  7.36206203e+05  3.26313134e+06  -6.58945885e+08 -1.75332134e+09 3.90321042e+08  
3.57700000e+04  gen44perm6      1.58076959e+08  -6.19302638e+09 5.64159248e+06  2.17190836e+09  4.96285034e+10  8.85693358e+06  
3.57770000e+04  gen35perm6      -3.03772300e+06 4.18594791e+06  -9.08696390e+05 1.16233120e+08  1.39554443e+09  2.25802456e+05  
3.57940000e+04  gen37perm6      7.94093018e+06  -3.46539537e+08 2.90754431e+05  1.32601651e+07  2.48033670e+08  4.69968177e+05  
3.58110000e+04  gen32perm2      -6.06421903e+07 1.03161503e+06  -1.79278462e+06 2.16266731e+09  -1.49800610e+07 -1.34311171e+04 
3.58250000e+04  gen39perm6      2.05515355e+07  2.85147944e+08  2.64760005e+06  -4.89507510e+08 -1.21235226e+10 -1.23766339e+06 
3.58480000e+04  gen31perm7      -8.34204028e+08 1.04066356e+06  8.78817280e+06  4.88965739e+08  6.94418015e+06  5.94788584e+04  
3.58810000e+04  gen26perm9      1.11856060e+06  1.03121261e+06  -7.86483925e+05 4.81293888e+07  5.38969235e+06  2.52275234e+03  
3.58890000e+04  gen25perm8      3.30155281e+05  -7.89563244e+05 -3.11600297e+02 -4.25940612e+06 7.82644334e+05  -2.43901970e+04 
3.59740000e+04  gen30perm8      6.18380634e+06  -5.51551393e+06 1.19975631e+05  -1.06181603e+07 -1.57891572e+07 -3.42281271e+05 
3.59960000e+04  gen48perm6      -7.69902165e+08 5.66971386e+10  -1.44726626e+08 -8.86204055e+09 1.45598420e+11  -5.97968672e+07 
3.60100000e+04  gen27perm3      -4.98820528e+05 -1.06013998e+06 9.63101862e+06  -1.13986386e+08 2.58634830e+05  -3.29113402e+03 
3.60290000e+04  gen24perm1      -3.79534842e+04 7.89739561e+05  -1.73429295e+03 -1.59624743e+05 -7.67648096e+05 3.30929502e+05  
3.62100000e+04  gen32perm6      1.05826008e+06  1.02085030e+07  1.84461824e+05  -3.63956109e+07 -2.70906629e+08 -4.99999003e+04 
3.62430000e+04  gen33perm6      -5.22533301e+05 4.07080925e+07  -3.20082102e+04 -1.87723659e+07 -8.20062807e+07 -7.42412162e+04 
3.62820000e+04  gen46perm10     -1.55195323e+10 8.99173740e+08  2.71955058e+08  2.26135322e+11  -3.49822025e+09 9.15251469e+07  
3.63520000e+04  gen48perm10     3.54700814e+10  -2.07501397e+09 9.40135909e+08  -7.66031212e+11 3.01786515e+10  -3.02606024e+08 
3.63560000e+04  gen38perm3      1.36660948e+08  1.42156667e+08  4.13880481e+07  1.30672723e+10  -3.62160854e+08 -1.30434987e+07 
3.64180000e+04  gen30perm6      2.20000228e+05  -9.58030652e+06 4.98392265e+04  -3.74229205e+06 -2.35134649e+07 1.16449709e+04  
3.64470000e+04  gen33perm5      1.93645880e+07  -1.57769744e+06 -1.75863689e+07 8.75601260e+07  6.45641935e+06  -6.19555241e+05 
3.66520000e+04  gen38perm10     -4.19347200e+08 2.99721889e+07  -1.34711600e+07 8.70576596e+09  -3.70863313e+08 3.25555645e+06  
3.66780000e+04  gen35perm2      1.22295071e+08  -2.84554018e+06 -1.33915938e+06 -1.11495658e+10 9.06805592e+07  1.26065393e+05  
3.67130000e+04  gen44perm10     -4.35084897e+09 3.80660357e+07  -2.71171324e+08 2.34030469e+11  -4.85321668e+09 6.41696736e+07  
3.67410000e+04  gen36perm8      2.80043019e+07  2.51476215e+07  -1.65738936e+05 1.10265464e+09  5.90951666e+07  3.71569868e+04  
3.67490000e+04  gen27perm4      1.49869666e+07  -1.15345377e+06 -4.79928151e+04 7.64669632e+05  9.05648573e+06  1.62104324e+06  
3.68410000e+04  gen46perm2      -6.31921253e+10 2.66269278e+08  1.10371904e+08  1.63890107e+12  -2.13448177e+10 -2.55608292e+07 
3.68530000e+04  gen33perm10     4.57280677e+07  -5.27366270e+06 4.46024550e+06  -5.97772675e+08 1.39240985e+07  -6.06691467e+05 
3.68800000e+04  gen41perm6      -7.98793321e+07 2.71185676e+09  -7.35828588e+06 -1.94570084e+08 2.65443880e+10  -1.67579698e+06 
3.69230000e+04  gen34perm5      1.36871490e+06  -1.58223584e+06 -3.41895635e+07 9.17732003e+07  1.89450485e+07  -1.60752335e+05 
3.69850000e+04  gen27perm6      -1.04733050e+05 1.67229361e+06  -2.19765737e+04 7.23144996e+06  8.25359172e+06  -1.72703543e+02 
3.70060000e+04  gen36perm5      -7.91741059e+07 1.01819323e+07  2.29367784e+07  -4.54843384e+08 -3.87860100e+05 3.64520903e+06  
3.70650000e+04  gen46perm6      1.26553398e+09  -9.93794265e+09 9.59733649e+07  -9.84934967e+09 -4.02790371e+11 -1.93330550e+07 
3.70790000e+04  gen44perm8      3.31049286e+09  3.77535056e+08  3.96419110e+07  -8.34881649e+09 -1.89818748e+09 1.38009094e+08  
3.70830000e+04  gen23perm1      -1.83512441e+05 1.08649654e+06  -4.11453282e+03 -1.40042381e+07 -7.18923903e+04 2.87220806e+06  
3.70850000e+04  gen28perm8      -1.94793908e+06 3.20461967e+06  -2.42385750e+04 2.36288119e+07  1.97760141e+06  1.70080877e+05  
3.71050000e+04  gen40perm6      -1.04549283e+07 1.70505982e+09  6.79011969e+05  -5.18657817e+08 -3.39368307e+09 -2.38744327e+06 
3.71200000e+04  gen44perm5      -1.61856970e+09 7.66116815e+07  -2.18949827e+07 -9.89675796e+09 -2.00253914e+08 7.97584891e+07  
3.72180000e+04  gen34perm10     7.26451539e+07  -5.41513590e+06 6.40039235e+06  -1.47054877e+09 3.75089075e+07  -6.54353930e+05 
3.72470000e+04  gen25perm4      -5.67048780e+06 -1.17944431e+06 -1.37985870e+04 1.87299479e+06  1.72180934e+06  -3.14832892e+06 
3.72500000e+04  gen29perm7      8.93749062e+08  -2.00409539e+06 1.52297104e+07  -1.93057732e+08 -7.22217846e+06 -1.87207937e+05 
3.73700000e+04  gen35perm5      -3.75614053e+07 2.75728514e+06  -4.23829914e+07 -1.01109816e+08 1.69187684e+07  1.54606548e+06  
3.73810000e+04  gen38perm2      -3.00804703e+08 4.50864305e+06  1.74472229e+07  6.39388662e+10  -6.07071808e+08 -1.31833402e+06 
3.73840000e+04  gen42perm3      -1.25174429e+09 -7.99010338e+08 2.45829180e+09  -9.54405015e+10 2.26161181e+09  3.95646998e+08  
3.73950000e+04  gen38perm9      3.02828734e+07  2.77070226e+06  4.03133399e+07  3.46546694e+10  -1.76825874e+09 1.41751482e+06  
3.74090000e+04  gen28perm9      2.23447581e+03  -2.07478953e+06 2.84384278e+06  -3.19236348e+08 8.44308116e+06  -1.76765415e+04 
3.74140000e+04  gen26perm4      -1.20975424e+05 -1.34717243e+06 -4.04887452e+04 3.49493976e+06  6.73255499e+06  -3.06628154e+06 
3.74720000e+04  gen42perm6      -1.38848621e+08 2.28677611e+09  -1.61100799e+07 8.30769164e+08  6.33517498e+10  2.43543827e+06  
3.74750000e+04  gen41perm10     2.59002350e+09  -1.01210784e+08 9.42787294e+07  -3.61246342e+10 1.65420477e+09  -1.38135545e+07 
3.75250000e+04  gen34perm9      3.20018721e+07  -2.17009013e+06 -1.59182237e+07 -2.48761849e+09 2.55246244e+08  -5.13489312e+04 
3.75620000e+04  gen48perm8      -1.74066850e+10 3.07908340e+10  -4.28078396e+08 1.67792789e+11  3.41528215e+10  -6.05835728e+07 
3.76200000e+04  gen45perm8      6.24009984e+09  -1.00103524e+10 1.09168238e+08  -6.31237171e+10 -6.52725985e+09 -5.08496186e+08 
3.77630000e+04  gen49perm8      -2.82111154e+10 8.11150938e+10  -6.59615371e+08 2.90292843e+11  5.97255258e+10  3.31045753e+09  
3.78000000e+04  gen30perm7      9.66913724e+08  -2.68989909e+06 3.17367383e+07  -3.16529454e+07 -4.93336155e+06 -1.77316028e+05 
3.78040000e+04  gen40perm10     1.33535538e+09  -4.10944408e+07 6.29254617e+07  -1.49815537e+10 7.34750500e+08  -6.72317244e+06 
3.78440000e+04  gen29perm3      -3.16917260e+06 -3.77124028e+06 2.52902083e+07  -3.08935122e+08 5.11454205e+06  7.12799659e+05  
3.78560000e+04  gen28perm3      -2.07113213e+06 -3.33112957e+06 1.89111037e+07  -2.52993598e+08 3.00090407e+06  3.52869657e+05  
3.78810000e+04  gen31perm8      1.17999326e+07  -1.48585804e+07 1.51983908e+05  -1.17878623e+08 -1.70498248e+07 -9.71801910e+05 
3.79040000e+04  gen37perm2      4.94909928e+08  -3.55977476e+06 4.13226820e+07  1.30068351e+10  -4.77509317e+08 -8.30809748e+05 
3.79100000e+04  gen46perm3      1.00755678e+10  8.55447522e+09  -2.19503479e+10 -2.91110537e+11 -1.89974648e+10 -2.32823059e+09 
3.80160000e+04  gen31perm9      -1.54625537e+06 3.23883451e+06  -7.95506835e+06 1.51971283e+09  -5.65656825e+07 4.92245959e+04  
3.80310000e+04  gen34perm8      -6.06485184e+07 5.10104973e+07  -7.50057774e+05 2.48591014e+08  5.59954951e+07  4.67135401e+06  
3.81050000e+04  gen37perm10     -4.25966276e+08 2.73342856e+07  -3.65072441e+07 6.54485897e+09  -2.21546536e+08 2.75434351e+06  
3.81060000e+04  gen49perm2      3.38687469e+11  -9.52422054e+08 -1.96820483e+09 -6.21240945e+12 1.26479387e+11  1.72789767e+08  
3.81430000e+04  gen33perm3      1.06401696e+07  1.20683820e+07  -1.33799832e+08 1.68972934e+09  -3.86847465e+07 -7.68403916e+06 
3.81520000e+04  gen36perm10     -2.52259511e+08 1.43133247e+07  -1.86755581e+07 2.39176834e+09  -3.66394991e+07 1.13392383e+06  
3.82220000e+04  gen45perm6      7.31700446e+08  -1.23992111e+10 5.58286264e+07  -1.92737867e+09 -1.27156831e+11 4.35748826e+06  
3.82380000e+04  gen31perm6      7.92140722e+05  -1.03190409e+07 1.53902489e+05  -2.24747423e+07 -1.61780394e+08 -7.07494676e+03 
3.83220000e+04  gen34perm3      -6.28226738e+06 -4.04431090e+06 1.64854436e+08  -7.09336906e+08 -2.37378098e+06 -1.66960348e+05 
3.83280000e+04  gen44perm2      1.31656422e+10  -7.03460702e+06 4.46484991e+08  -1.48246227e+11 -3.64070332e+09 -1.19117400e+07 
3.83430000e+04  gen39perm5      2.65833545e+08  -5.37977427e+07 1.43332122e+08  8.97254224e+08  -2.27436239e+07 -8.85430608e+06 
3.83940000e+04  gen47perm3      8.95378826e+09  3.54956196e+09  -6.12351072e+10 9.48254041e+11  -3.07666172e+10 -3.89426424e+09 
3.84010000e+04  gen36perm2      3.83368484e+08  -5.61614843e+06 1.91173468e+07  -1.12042715e+10 -1.28669588e+08 -2.38374602e+05 
3.84310000e+04  gen43perm10     1.19389766e+09  -1.74829645e+08 -1.17892396e+08 5.34616188e+10  -1.80037952e+09 6.94241544e+06  
3.84640000e+04  gen45perm3      7.59673992e+09  3.81103765e+09  5.19004561e+09  -6.00733452e+11 -3.46241590e+09 -3.00844152e+08 
3.84850000e+04  gen31perm3      3.58518817e+06  5.82114929e+06  -7.71454292e+07 7.89549653e+08  -1.03734666e+07 -6.58226066e+05 
3.85030000e+04  gen41perm2      -8.02789745e+08 -1.39209013e+07 -1.20276118e+08 -4.31876097e+10 1.82648765e+09  4.03275607e+06  
3.85060000e+04  gen32perm3      1.11337775e+07  1.35272159e+07  -1.45367168e+08 1.85144593e+09  -2.91124630e+07 -4.75589861e+06 
3.85260000e+04  gen30perm9      -7.02422396e+06 -5.16701961e+06 4.71180705e+06  4.17186109e+07  -4.54698898e+07 -3.20402311e+03 
3.85450000e+04  gen29perm9      -3.50913715e+06 -5.63694638e+06 5.46511320e+06  -4.60601221e+08 -1.28857585e+07 -1.79410664e+04 
3.85580000e+04  gen28perm4      3.03486931e+07  2.17740980e+06  6.21372632e+03  -8.50585054e+06 1.74866077e+06  1.18840737e+07  
3.85730000e+04  gen43perm3      -1.53196336e+09 -1.34810468e+09 1.46562213e+10  -4.10441097e+11 5.76673922e+09  7.22860787e+08  
3.85740000e+04  gen39perm2      -1.60778913e+09 1.35662204e+07  -1.98620994e+07 8.62610015e+10  -4.57597667e+08 -5.54753342e+05 
3.85830000e+04  gen47perm5      8.48476004e+09  -1.58830943e+09 8.05131800e+09  4.68852370e+10  -1.17872463e+08 -3.90915712e+08 
3.85870000e+04  gen37perm5      -2.79691307e+07 1.17994580e+07  1.79189986e+08  -6.62403048e+08 -2.40954501e+07 4.30374032e+06  
3.86140000e+04  gen40perm5      3.09061388e+08  -7.37336021e+07 -4.26709200e+08 1.82096482e+09  4.66176035e+07  -1.80372418e+07 
3.86240000e+04  gen32perm8      4.37976635e+06  -1.03725266e+07 -7.58863951e+04 -2.10800819e+08 -1.14205915e+07 -9.27109119e+05 
3.86490000e+04  gen43perm5      -1.12385345e+09 3.39067281e+08  -1.57987139e+09 -3.89206882e+09 4.61471640e+07  6.76216045e+07  
3.86670000e+04  gen40perm2      -2.52046099e+09 1.14415188e+07  -9.14093452e+07 7.43760669e+10  1.01066512e+08  1.62956580e+06  
3.87000000e+04  gen49perm6      -2.21143864e+09 7.98496774e+10  -4.28661046e+08 1.64072393e+10  1.87703158e+12  1.71070823e+07  
3.87270000e+04  gen32perm7      -4.39804970e+09 9.48617559e+06  -7.66906278e+07 1.02939047e+09  2.90618024e+07  7.04896754e+05  
3.87480000e+04  gen34perm6      -2.30693210e+06 5.39862620e+07  -4.78882030e+05 3.95710507e+07  6.43678037e+08  1.48679694e+04  
3.87600000e+04  gen45perm2      -2.09964284e+10 1.22130173e+08  6.06217617e+08  5.76589995e+11  -1.38431208e+10 -2.00407436e+07 
3.87990000e+04  gen26perm1      7.48608213e+05  -2.59470160e+06 1.90209001e+04  8.34208691e+07  -2.98532321e+05 -1.69340182e+07 
3.88160000e+04  gen39perm3      2.62290682e+08  3.62347815e+08  -2.69427341e+09 5.59997188e+10  -1.10161277e+09 -8.24594802e+07 
3.88220000e+04  gen37perm3      4.95075563e+06  -2.45295798e+07 1.03906244e+09  -8.46382624e+09 1.28770412e+08  2.03847656e+07  
3.88270000e+04  gen48perm2      9.52884070e+10  -3.74529023e+08 -3.35829780e+09 -1.33141498e+12 6.45389385e+10  1.00369309e+08  
3.88330000e+04  gen41perm8      -1.36999355e+09 9.16925948e+08  -9.15669647e+06 8.52824624e+09  1.31152527e+09  9.65135627e+07  
3.88420000e+04  gen38perm6      1.67744420e+07  -3.99059450e+08 1.82957921e+06  -2.31014703e+08 -5.77596544e+09 -5.28309795e+04 
3.88580000e+04  gen49perm9      -8.13801724e+10 -2.40749864e+10 -6.95650950e+09 -4.65975392e+12 2.47341696e+11  -1.97665402e+08 
3.88620000e+04  gen39perm10     4.21043238e+07  1.42656518e+07  1.43712893e+07  2.96739346e+09  -1.21560137e+08 1.32604508e+05  
3.88710000e+04  gen38perm5      1.11490933e+08  -9.68911582e+06 3.24059630e+08  -1.09142053e+07 -4.74487609e+07 1.31773424e+05  
3.88740000e+04  gen44perm3      1.47573323e+09  -3.48177246e+08 2.12456809e+10  -5.89750192e+11 5.57251330e+09  5.62456126e+08  
3.88780000e+04  gen39perm8      2.27888370e+08  -4.01909552e+08 4.70815135e+06  -5.42143811e+09 -3.34624499e+08 -5.18379663e+07 
3.88870000e+04  gen42perm8      -1.76214923e+09 2.01508793e+09  -1.93154481e+07 1.72609925e+10  2.09976895e+09  2.12049855e+08  
3.88900000e+04  gen34perm7      -7.11642942e+09 1.18292408e+07  -1.71984635e+08 -4.14406274e+08 1.81367082e+06  6.54844843e+05  
3.88910000e+04  gen40perm3      1.39796802e+08  2.25166377e+08  -5.48680648e+09 7.64410544e+10  -1.26093004e+09 -1.36248507e+08 
3.89040000e+04  gen46perm5      3.82356216e+09  -1.52229677e+09 1.07953306e+10  1.65129597e+10  -4.82799999e+08 -2.69024031e+08 
3.89270000e+04  gen32perm9      1.79922412e+07  1.34460471e+07  -2.69037255e+07 2.89896172e+09  -1.65707602e+07 1.06165001e+05  
3.89280000e+04  gen49perm5      -4.65313288e+09 2.03154787e+09  -4.21105741e+10 2.98438547e+10  2.15495802e+09  9.82372595e+08  
3.89320000e+04  gen38perm8      3.69306670e+08  -3.57701778e+08 3.42126884e+06  -3.24352142e+09 -2.52658009e+08 -3.95596429e+07 
3.89330000e+04  gen33perm7      -6.97906699e+09 1.68411433e+07  -1.76219234e+08 9.83738226e+08  3.44272996e+07  1.29350702e+06  
3.89510000e+04  gen35perm8      -5.87909075e+07 6.21021684e+07  -5.31788098e+05 7.81038149e+08  9.62105862e+07  6.57803445e+06  
3.89590000e+04  gen36perm3      -5.41331392e+07 -8.01934497e+07 1.30671110e+09  -8.64827946e+09 2.37654177e+08  2.33616333e+07  
3.89740000e+04  gen37perm8      2.12397124e+08  -1.40332451e+08 1.61471485e+06  -4.91916430e+08 -8.09660098e+07 -1.97321710e+07 
3.89760000e+04  gen42perm9      -3.43922554e+09 -4.99123244e+08 -4.58541435e+08 -2.60587653e+11 1.32360179e+10  -8.97098501e+06 
3.89770000e+04  gen35perm3      -3.84874995e+07 -4.65845227e+07 8.04029772e+08  -5.21430099e+09 1.16313541e+08  1.14731373e+07  
3.89810000e+04  gen41perm5      1.82522980e+08  3.56451646e+07  -1.14378409e+09 2.61571365e+09  1.43577118e+08  -1.39956873e+07 
3.89990000e+04  gen47perm10     3.73200793e+09  4.52210003e+08  8.67491558e+08  -1.55395546e+11 1.07329716e+10  -1.55639994e+07 
3.90160000e+04  gen49perm10     6.07507687e+10  -5.09352828e+09 -4.70609655e+07 -1.08088998e+12 3.11499457e+10  -5.82135158e+08 
3.90390000e+04  gen35perm7      3.49086703e+09  -2.80513459e+07 2.32740738e+08  -4.39857271e+09 -8.87380077e+07 -1.48872587e+06 
3.90550000e+04  gen47perm8      -2.05729267e+09 -1.40173817e+10 -1.10444121e+08 1.30631677e+10  3.12657361e+09  -1.42057890e+09 
3.90590000e+04  gen35perm9      -3.74312955e+07 -5.90305725e+07 2.98356874e+07  -1.26157289e+10 2.94886976e+08  -2.96574610e+05 
3.90600000e+04  gen45perm5      -3.79233563e+08 -6.54091411e+08 5.37223696e+09  -5.86701122e+09 -4.73227685e+08 -7.48542006e+07 
3.90660000e+04  gen33perm9      3.88358976e+07  2.22321348e+07  -3.82697511e+07 3.00436977e+09  1.07196920e+08  8.88796389e+04  
3.90690000e+04  gen47perm2      -7.29203943e+10 1.17417261e+08  -1.57059775e+09 1.34196104e+12  8.48841561e+08  1.80999490e+07  
3.90710000e+04  gen39perm9      6.87707328e+08  1.99201967e+08  -1.87587461e+08 8.74395436e+10  -2.31061300e+09 2.31116122e+06  
3.90710000e+04  gen43perm2      1.30520022e+10  -7.64269166e+07 2.19142313e+08  -3.65888755e+11 3.31771067e+09  -2.23095234e+06 
3.90940000e+04  gen42perm5      -2.87471071e+08 2.25329544e+08  -1.50476159e+09 8.17721273e+08  2.10683013e+08  1.63833459e+07  
3.90970000e+04  gen48perm3      -1.08072645e+10 -1.97771674e+10 -7.60997042e+10 2.68275714e+12  -1.01293180e+10 -9.04711638e+08 
3.91290000e+04  gen39perm7      -4.07052427e+10 4.95099911e+07  -2.20856186e+09 2.49568395e+10  7.69974063e+08  9.87992729e+06  
3.91350000e+04  gen41perm3      -4.26841398e+08 -9.20447599e+07 -4.54632820e+09 6.66586343e+10  -4.59282241e+08 2.96076890e+07  
3.91450000e+04  gen45perm9      9.39611096e+09  2.00617034e+09  2.59304968e+09  9.17707350e+11  -4.27482006e+10 2.22497959e+07  
3.91460000e+04  gen49perm7      -1.91214835e+11 2.22235102e+08  -6.42469304e+10 -3.40136514e+12 -1.06522130e+11 -4.77826955e+08 
3.91570000e+04  gen40perm8      -3.51547384e+08 -1.25700591e+08 4.10975676e+05  -7.53675062e+07 1.82957972e+08  -6.06532734e+06 
3.91580000e+04  gen36perm7      3.06042423e+10  -8.52288270e+07 9.60737567e+08  -7.98355247e+09 -1.82819013e+08 -4.57950545e+06 
3.91690000e+04  gen48perm5      1.01317733e+10  -9.96497117e+08 -9.14195472e+09 5.51632837e+10  9.50149295e+08  6.25776351e+07  
3.91730000e+04  gen36perm9      -1.85288029e+08 -1.12738473e+08 8.95754941e+07  -1.58470677e+10 2.01382598e+08  -4.05970016e+05 
3.91750000e+04  gen42perm7      -7.71823120e+10 -2.14787702e+08 4.47117533e+09  -9.45613983e+10 -4.73742248e+09 -2.46398491e+07 
3.91870000e+04  gen46perm9      3.68594857e+10  5.80123057e+09  -5.63464780e+09 2.13666043e+12  -4.04596377e+10 3.29497354e+07  
3.91900000e+04  gen41perm9      2.42108318e+08  3.34397345e+08  -6.24020077e+08 -1.54684907e+10 8.33640515e+09  -3.09747375e+06 
3.91910000e+04  gen43perm9      -7.45402633e+09 -1.53347586e+09 1.26155515e+09  -4.90179809e+11 2.20370078e+09  -6.95140122e+06 
3.91930000e+04  gen48perm9      2.99913827e+10  -6.47324994e+09 -1.82980039e+10 -6.88211765e+11 1.47475621e+11  -9.98441115e+07 
3.91960000e+04  gen37perm7      5.08327383e+10  -1.11059683e+08 1.50178332e+09  -2.38743758e+09 -1.01316127e+08 -4.48889676e+06 
3.91980000e+04  gen37perm9      -2.75269101e+08 -7.62647248e+07 1.16259499e+08  -8.98899178e+09 -5.67163316e+08 2.14656635e+05  
3.92130000e+04  gen38perm7      5.44244616e+10  -6.58894442e+07 7.59189088e+08  1.00386059e+10  3.10860337e+08  2.88753730e+05  
3.92140000e+04  gen40perm7      -2.05725246e+11 2.24793054e+08  -6.22265210e+09 1.16527969e+10  4.31531564e+08  1.89047988e+07  
3.92210000e+04  gen40perm9      1.31259028e+09  3.89786587e+08  -4.80218078e+08 8.98514942e+10  1.11393611e+09  1.47160012e+06  
3.92320000e+04  gen43perm7      5.48522553e+11  -1.25741687e+09 2.72519827e+10  -1.10841255e+11 -2.78917065e+09 -7.51118571e+07 
3.92320000e+04  gen46perm8      8.00657509e+09  -2.09167958e+10 9.11526551e+07  -9.88219477e+10 -7.94795575e+09 -1.42083786e+09 
3.92350000e+04  gen46perm7      -2.20048304e+12 2.89670136e+09  -6.79147824e+10 5.17781739e+11  2.59108430e+10  1.82539978e+08  
3.92370000e+04  gen41perm7      -2.98384463e+11 2.93736315e+08  -6.77714742e+09 -3.26958299e+10 -2.01109620e+09 1.23004203e+07  
3.92430000e+04  gen44perm7      1.23249149e+12  -2.16561005e+09 4.60740317e+10  9.61424590e+10  7.35489576e+09  -9.82324328e+07 
3.92430000e+04  gen45perm7      8.02869343e+11  -3.38024308e+08 1.10660083e+10  4.11988062e+11  2.29678212e+10  1.70983020e+07  
3.92440000e+04  gen47perm7      -6.11571213e+12 6.61226413e+09  -1.57574831e+11 -2.66469280e+11 -5.10630477e+09 3.41499905e+08  
3.92550000e+04  gen44perm9      -7.18716850e+09 -1.20864507e+09 3.18314956e+09  -1.32888437e+11 -1.87596963e+10 4.00439130e+06  
3.92650000e+04  gen48perm7      -8.10727849e+12 8.67481141e+09  -1.97585741e+11 -1.88130069e+12 -5.92669883e+10 1.61125664e+08  
3.92770000e+04  gen47perm9      5.12635134e+10  6.59620790e+09  -1.75782767e+10 1.04038861e+12  2.31632796e+10  -5.28763224e+05 
3.94240000e+04  gen31perm4      -1.97413983e+08 -5.28063972e+06 1.41346549e+05  4.78012330e+06  -5.11559374e+07 -2.75826928e+07 
3.94460000e+04  gen27perm1      9.53640758e+05  -4.91551291e+06 1.54373061e+04  5.60233456e+07  4.37591665e+06  -1.74913051e+07 
3.94990000e+04  gen43perm8      2.06864919e+08  2.97336250e+09  -9.91003406e+06 1.50185647e+10  9.99095874e+08  2.18660086e+08  
3.95240000e+04  gen29perm4      2.10678840e+07  6.30354415e+06  1.14050732e+05  -1.91427618e+07 -1.79614223e+07 1.93541737e+07  
3.95360000e+04  gen28perm1      3.76133944e+05  -5.66289113e+06 -1.92794265e+04 -1.07708055e+08 9.45416719e+06  1.42826326e+07  
3.97370000e+04  gen33perm1      1.62703173e+07  -8.17697472e+06 3.85243132e+05  2.65697164e+09  -8.68695945e+06 -3.03680634e+08 
3.98080000e+04  gen30perm1      -3.90912593e+06 9.57173188e+06  -8.94587544e+04 -4.90689777e+08 -4.33105460e+06 8.79882200e+07  
3.98520000e+04  gen33perm4      -3.15430785e+07 -4.43976729e+07 -1.08000787e+06 1.00147239e+08  1.50884995e+08  -6.34187446e+07 
3.99330000e+04  gen37perm1      -1.74708387e+08 1.46907584e+07  -2.52905527e+06 -4.31345462e+09 -3.51663944e+08 1.49720992e+09  
3.99700000e+04  gen32perm4      -3.13007855e+08 -2.71917139e+07 -3.64580517e+05 5.87607058e+07  -9.03023681e+05 -5.58512975e+07 
3.99930000e+04  gen48perm1      4.20577733e+10  -1.09478600e+10 2.34975256e+08  6.59043906e+11  7.58688903e+10  1.67628535e+10  
3.99960000e+04  gen32perm1      -8.70623435e+05 1.85127260e+07  1.36985458e+05  9.76549672e+08  -3.11225839e+07 -1.23310851e+08 
4.00060000e+04  gen31perm1      -4.79420748e+06 1.90884958e+07  -4.62534607e+04 -2.53758321e+08 -2.25110980e+07 5.29311760e+07  
4.00240000e+04  gen38perm1      -2.06324703e+08 2.77151162e+08  -3.31215054e+06 -1.02220205e+10 -8.98943241e+08 3.01463315e+08  
4.00530000e+04  gen45perm1      -7.89484526e+09 4.65501086e+09  -9.65836796e+07 -1.87555744e+11 -1.97517192e+10 -9.42883173e+09 
4.00680000e+04  gen41perm4      -4.26491483e+09 1.76182684e+09  -1.60493116e+07 3.09935152e+09  1.12451638e+10  -1.76871399e+09 
4.00980000e+04  gen38perm4      -2.83265656e+09 -3.73822773e+08 3.47627156e+06  -3.54767256e+08 -2.55786411e+09 -5.24891882e+08 
4.01170000e+04  gen34perm1      3.45131038e+07  -6.03041953e+07 5.02582660e+05  3.15680370e+09  7.14612329e+07  -2.08377912e+08 
4.01430000e+04  gen45perm4      -7.12290520e+09 -1.27217024e+10 5.85757485e+07  -1.15166291e+10 -7.81499597e+10 8.11391400e+09  
4.01450000e+04  gen36perm4      1.02749348e+09  2.47193577e+08  1.64776693e+06  -4.25831818e+08 -3.80324196e+08 4.58726471e+08  
4.01520000e+04  gen41perm1      9.49671509e+08  -1.68899528e+08 1.44123162e+07  3.54786817e+10  3.41674412e+09  -5.26177848e+09 
4.01600000e+04  gen35perm1      2.77266522e+07  -9.66722578e+07 4.90779346e+05  2.51634472e+09  1.73625891e+08  3.91239085e+08  
4.01700000e+04  gen49perm4      6.29754505e+11  7.76608762e+10  -2.00594467e+08 2.65129141e+10  2.43159404e+11  -5.42168430e+10 
4.01720000e+04  gen42perm1      1.21961234e+09  -1.79055399e+09 1.40237915e+07  6.43327443e+10  5.05586575e+09  5.43319727e+09  
4.01730000e+04  gen40perm4      -7.23458131e+09 -5.25394176e+08 -9.43550456e+06 2.31391043e+09  5.14196957e+09  -3.73535630e+09 
4.01790000e+04  gen36perm1      -5.97799648e+07 -1.21029382e+08 -8.50184085e+05 7.82334405e+08  8.15786458e+07  1.32428302e+09  
4.01900000e+04  gen35perm4      1.09213414e+09  1.27420951e+08  1.40273498e+04  -1.31788219e+08 3.08249796e+08  2.33363133e+08  
4.01930000e+04  gen44perm1      -4.59333311e+09 -9.27732771e+08 -4.50278590e+07 -4.92793655e+10 -6.20907439e+09 3.25156771e+10  
4.01940000e+04  gen39perm1      -4.24319294e+07 5.32861941e+08  -1.84987766e+06 -1.04670695e+10 -8.75710091e+08 -1.59305644e+09 
4.01940000e+04  gen40perm1      4.16193420e+08  5.04677225e+08  5.01420277e+06  3.03631372e+09  6.33367798e+08  -4.19655160e+09 
4.02070000e+04  gen49perm1      1.46591862e+10  -6.49300322e+10 3.91324138e+08  1.07760687e+12  1.12655404e+11  4.27528185e+11  
4.02090000e+04  gen42perm4      7.75810855e+09  4.72145609e+09  -7.73677059e+06 8.96594729e+08  1.30314532e+10  7.55562502e+09  
4.02110000e+04  gen39perm4      -5.87629608e+09 -7.49889072e+08 -8.45303866e+05 7.15865249e+08  -3.68561399e+08 -2.38710863e+09 
4.02130000e+04  gen43perm4      3.11473272e+10  4.10599983e+09  9.03034897e+06  -5.55357650e+09 -1.13461619e+10 1.97849072e+10  
4.02150000e+04  gen44perm4      4.81227111e+10  -2.89727750e+09 4.02008526e+07  -1.30095410e+10 -5.61168608e+10 2.14597753e+10  
4.02170000e+04  gen46perm1      1.63006560e+08  1.22805753e+10  -8.53911213e+07 -2.16362425e+11 -2.32238706e+10 -8.71197553e+10 
4.02200000e+04  gen43perm1      -5.59215249e+08 -3.25066014e+09 2.07388894e+06  3.63666339e+10  1.96507685e+09  2.23709518e+10  
4.02200000e+04  gen47perm1      2.13432032e+10  1.26741841e+10  2.76849797e+07  1.09950796e+11  1.25540327e+10  -1.42870459e+11 
4.02210000e+04  gen46perm4      -1.35292911e+11 -1.46378191e+10 3.31459587e+06  2.10710212e+09  2.76598167e+09  -4.10714095e+10 
4.02550000e+04  gen47perm4      -2.56688452e+11 2.85026218e+09  -1.18323288e+08 2.94809975e+10  1.83894560e+11  -1.09826658e+11 
4.02960000e+04  gen48perm4      -6.93631393e+10 4.25231840e+10  -2.44244073e+08 5.36593404e+10  3.63600179e+11  -1.27396579e+11 
