Fit             Permutation     K2RT            KD1             kdephos         km1             km2             kphos           
2.13700000e+03  gen18perm7      -3.08797200e+00 -1.42766670e+01 -8.34504100e+00 7.14384000e-01  -1.51189760e+03 1.50730550e+01  
2.38300000e+03  gen17perm5      1.75932700e+00  -3.79402720e+01 2.81100940e+01  2.43584000e-01  7.59460171e+02  6.47363060e+01  
2.44700000e+03  gen16perm7      5.46540000e-01  3.23469750e+01  1.48840200e+01  7.28466000e-01  -1.39336634e+02 6.00773560e+01  
2.59700000e+03  gen21perm7      -3.37720300e+00 1.37807560e+01  -3.14693800e+00 7.17470000e-01  2.68754206e+02  6.10893900e+00  
2.74900000e+03  gen19perm5      -1.02977000e-01 6.84560050e+01  1.48773670e+01  1.06337400e+00  2.83148949e+03  -1.85141354e+02 
2.80100000e+03  gen6perm7       5.86982000e-01  -5.07690400e+00 5.93307100e+00  6.12138000e-01  2.47236594e+02  2.40003400e+01  
2.82900000e+03  gen9perm7       6.75169000e-01  5.72150000e-02  7.68039700e+00  6.40988000e-01  2.78297274e+02  2.91649330e+01  
2.96900000e+03  gen8perm5       5.43499000e-01  -1.98820790e+01 6.43706500e+00  4.51655000e-01  8.85014060e+01  3.11426220e+01  
2.96900000e+03  gen17perm1      2.36593100e+00  -3.91043885e+02 -2.63216140e+01 9.69052680e+02  2.93596733e+03  5.99629000e+01  
2.99000000e+03  gen5perm7       3.05600000e-01  -1.43091360e+01 3.25715900e+00  5.56471000e-01  1.48018317e+02  1.39013210e+01  
3.23000000e+03  gen35perm7      1.45839330e+01  2.15042856e+02  1.15396201e+02  7.67877000e-01  1.22026033e+04  1.82489134e+02  
3.37800000e+03  gen7perm7       7.32851000e-01  -2.90915000e-01 7.32026400e+00  6.40996000e-01  2.98671353e+02  2.92356720e+01  
3.46300000e+03  gen10perm7      3.06640000e-01  -9.11584700e+00 5.83801900e+00  6.19335000e-01  1.25016580e+02  2.40706270e+01  
3.48200000e+03  gen7perm5       1.90638000e-01  -1.81691370e+01 -4.80972000e-01 5.63827000e-01  1.26866441e+02  4.37801100e+00  
3.55800000e+03  gen11perm8      6.77095000e-01  3.49572320e+01  1.43575220e+01  8.24879000e-01  3.61961686e+02  3.29136200e+01  
3.63300000e+03  gen31perm8      -8.05366880e+01 6.15550693e+03  2.61714439e+03  6.04640940e+01  -5.22468073e+03 3.40689601e+03  
3.67000000e+03  gen8perm7       8.08469000e-01  2.19014200e+00  8.03938500e+00  6.55956000e-01  3.25335134e+02  3.19496680e+01  
3.67100000e+03  gen41perm1      1.11231910e+03  8.11049058e+03  -1.29588691e+04 -1.95847912e+06 -3.66581090e+06 1.10569158e+04  
3.77200000e+03  gen13perm1      -3.42738000e-01 -5.65467340e+01 1.16695240e+01  7.03093314e+02  -8.59824231e+02 3.87704360e+01  
3.80500000e+03  gen22perm8      -5.46534800e+00 3.64058916e+03  2.81007292e+02  -8.23294700e+00 -5.71687966e+02 -3.15907702e+02 
3.97300000e+03  gen11perm5      6.94607000e-01  -1.08696840e+01 1.06774550e+01  6.27448000e-01  3.72682483e+02  2.23334110e+01  
4.09000000e+03  gen18perm5      5.32836000e-01  3.21310360e+01  1.93951790e+01  7.83488000e-01  2.12407376e+03  -9.98301150e+01 
4.21400000e+03  gen9perm5       9.15693000e-01  -2.06281080e+01 1.11193910e+01  4.44129000e-01  1.64384336e+02  4.80398260e+01  
4.27800000e+03  gen26perm7      3.92482000e-01  1.92894024e+02  6.91600700e+01  7.09971000e-01  8.33973630e+03  4.40411389e+02  
4.42900000e+03  gen15perm1      -2.69956300e+00 3.07620682e+02  3.09465540e+01  2.72413954e+03  -6.25870233e+03 -3.34538640e+01 
4.56500000e+03  gen10perm5      1.12525400e+00  -1.71886930e+01 1.35198670e+01  5.15826000e-01  2.57772763e+02  5.39649180e+01  
4.88800000e+03  gen18perm8      1.65232500e+00  -2.62775850e+02 -2.62263790e+01 3.54464900e+00  1.42932370e+03  8.89975110e+01  
5.02900000e+03  gen24perm5      1.06820960e+01  3.64000800e+00  1.38611329e+02  2.83406800e+00  5.49796563e+03  -2.91589600e+02 
5.22500000e+03  gen18perm1      4.11163600e+00  -7.32031899e+02 -5.54224420e+01 -6.12758703e+02 6.18415869e+03  1.45608504e+02  
5.28600000e+03  gen17perm10     -3.46868574e+03 -1.53498977e+04 -1.15431711e+02 -3.91406450e+01 -8.42573843e+03 -1.21126412e+02 
5.41900000e+03  gen19perm8      4.39002900e+00  -2.21396562e+03 -1.86749548e+02 3.34611000e+00  1.93138786e+03  1.62263455e+02  
5.54900000e+03  gen21perm1      -2.65518100e+00 4.63386828e+02  2.34798520e+01  8.38526873e+02  -9.21419079e+03 -2.19541340e+01 
5.55500000e+03  gen15perm7      2.43477500e+00  3.90815990e+01  1.60280940e+01  6.90770000e-01  7.02043121e+02  5.17406660e+01  
5.62200000e+03  gen12perm5      2.66363000e-01  -2.30525200e+00 5.87184300e+00  6.58262000e-01  3.79284161e+02  -1.77377720e+01 
5.82700000e+03  gen12perm8      1.12768700e+00  -3.17297387e+02 -3.17068630e+01 1.04914900e+00  4.66818614e+02  4.05978690e+01  
6.00700000e+03  gen9perm1       2.12636000e-01  8.57926570e+01  7.97493000e+00  -2.12322306e+02 3.29331645e+02  2.76390890e+01  
6.11300000e+03  gen27perm7      1.23819400e+00  3.08835887e+02  6.25871900e+01  7.18708000e-01  1.18159742e+04  2.76568397e+02  
6.18500000e+03  gen35perm8      8.21139740e+01  -2.76355140e+03 4.80826325e+03  -1.51323899e+02 3.10140479e+03  -9.67966515e+03 
6.34300000e+03  gen18perm3      -1.27823234e+03 6.33456510e+01  -2.36688523e+02 -2.97598291e+02 1.70785380e+03  1.07529021e+02  
6.39000000e+03  gen26perm8      3.79805340e+01  -1.53559590e+04 -1.48039969e+03 1.75669000e+01  2.79054899e+03  1.12565061e+03  
6.46400000e+03  gen14perm7      2.69265200e+00  2.80637330e+01  8.83799000e+00  6.14808000e-01  8.01771305e+02  3.07705640e+01  
6.47000000e+03  gen29perm8      -3.55743620e+01 2.19893058e+04  2.96065852e+03  -3.10390190e+01 -5.58970313e+03 -3.52594203e+03 
6.49700000e+03  gen20perm2      -1.58235100e+00 8.15621660e+01  -6.81659410e+01 -1.21100860e+04 -5.42688369e+04 6.66968540e+01  
6.51300000e+03  gen21perm8      3.88189700e+00  -9.01344722e+02 -1.02821976e+02 -7.81352900e+00 3.59285832e+02  -7.85097220e+01 
6.78400000e+03  gen4perm7       -2.37190000e-01 -3.21182230e+01 -1.90470900e+00 4.49089000e-01  -4.33749490e+01 -5.57981000e+00 
7.08200000e+03  gen14perm5      1.96698000e-01  -4.96872300e+00 -4.68835600e+00 4.68587000e-01  -6.22077819e+02 1.41112960e+01  
7.27900000e+03  gen23perm8      -1.75942760e+01 6.98310451e+03  6.10013531e+02  -4.69534300e+00 -2.04485761e+03 -3.47804191e+02 
7.38700000e+03  gen6perm2       -4.85960000e-02 -1.26222840e+01 -1.37269900e+00 6.25306160e+01  -4.75800790e+02 -7.73469970e+01 
7.61500000e+03  gen0perm5       8.86100000e-03  7.54500000e-03  1.26700000e-03  7.43863000e-01  2.73066835e+02  1.34377300e+00  
7.61500000e+03  gen1perm5       8.86100000e-03  7.54500000e-03  1.26700000e-03  7.43863000e-01  2.73066835e+02  1.34377300e+00  
7.61500000e+03  gen2perm5       8.86100000e-03  7.54500000e-03  1.26700000e-03  7.43863000e-01  2.73066835e+02  1.34377300e+00  
7.61500000e+03  gen3perm5       8.86100000e-03  7.54500000e-03  1.26700000e-03  7.43863000e-01  2.73066835e+02  1.34377300e+00  
7.61500000e+03  gen4perm5       8.86100000e-03  7.54500000e-03  1.26700000e-03  7.43863000e-01  2.73066835e+02  1.34377300e+00  
7.61500000e+03  gen5perm5       8.86100000e-03  7.54500000e-03  1.26700000e-03  7.43863000e-01  2.73066835e+02  1.34377300e+00  
7.90100000e+03  gen4perm4       -2.95055330e+01 -4.62380000e-02 -2.70407040e+01 -9.28363920e+01 5.95501426e+02  -1.15770350e+01 
7.92700000e+03  gen20perm8      5.83217500e+00  -2.94541778e+03 -2.47822370e+02 -1.15554600e+00 1.20237622e+03  1.43482375e+02  
7.93000000e+03  gen32perm8      -2.21822530e+01 -2.18084804e+04 -2.34434699e+03 8.12351360e+01  2.07637087e+02  7.91486103e+03  
8.28900000e+03  gen31perm7      -9.16909600e+00 -4.38130356e+02 -1.08323389e+02 7.01343000e-01  -1.51622441e+04 3.56336992e+02  
8.44400000e+03  gen28perm1      -5.84779960e+01 1.06627533e+04  6.52820238e+02  7.38216668e+03  -1.12204355e+05 -1.63657677e+03 
8.58500000e+03  gen20perm1      3.48461800e+00  -6.52916990e+02 -3.34490310e+01 -1.59791398e+03 1.14361212e+03  1.45092092e+02  
8.58700000e+03  gen0perm9       2.03116000e-01  4.13136993e+02  8.97100000e-02  9.28550000e-02  1.14754500e+00  4.24103163e+02  
8.58700000e+03  gen1perm9       2.03116000e-01  4.13136993e+02  8.97100000e-02  9.28550000e-02  1.14754500e+00  4.24103163e+02  
8.59500000e+03  gen24perm8      -2.07199800e+01 4.34972383e+03  2.46022765e+02  8.39040700e+00  -2.16307036e+03 -1.05238421e+02 
8.76600000e+03  gen25perm7      -2.41250900e+00 -2.63213480e+01 3.47621960e+01  7.07624000e-01  -5.46232736e+02 1.81941762e+02  
8.80500000e+03  gen38perm7      -8.27968350e+01 -2.25289183e+03 -1.12803328e+03 5.44285000e-01  -1.72543569e+05 4.00477778e+02  
8.83400000e+03  gen34perm5      -1.09582131e+02 -9.74831750e+02 -9.10523383e+02 -1.84216400e+01 -6.69759406e+04 -2.48202003e+03 
8.84300000e+03  gen41perm7      1.36609289e+02  6.46920511e+03  2.27511883e+03  1.11590500e+00  2.27381160e+05  -8.26668716e+02 
8.86800000e+03  gen19perm1      3.91161100e+00  -8.07806829e+02 -4.43248730e+01 -2.04083618e+03 6.59968858e+03  1.90124666e+02  
8.93500000e+03  gen15perm3      1.29566676e+03  -5.99277570e+01 -5.91467080e+01 6.73140460e+02  -9.82074679e+02 -1.82949500e+01 
9.02100000e+03  gen27perm8      6.05051240e+01  -1.13861456e+04 -1.14160279e+03 -2.25893080e+01 2.58994367e+03  4.67592509e+02  
9.03200000e+03  gen13perm8      1.29787000e+00  -5.41479364e+02 -5.72964340e+01 9.89999000e-01  4.64613340e+02  4.30114040e+01  
9.11200000e+03  gen25perm8      -2.48666000e+00 -5.14691736e+03 -7.73175086e+02 2.10713900e+01  1.60103912e+02  5.91415925e+02  
9.21500000e+03  gen15perm4      1.40649408e+02  -5.71090720e+01 2.02125187e+02  -1.34429413e+02 -4.20677455e+02 6.34821610e+01  
9.37500000e+03  gen35perm3      1.81784907e+04  -1.58767586e+03 6.05840546e+03  -2.33993767e+03 -5.19047708e+04 -1.72184275e+03 
9.46000000e+03  gen23perm5      1.42415000e-01  -1.56654952e+02 2.70214620e+01  -4.06391000e-01 -4.29739974e+03 8.18848628e+02  
9.52200000e+03  gen14perm8      8.87221000e-01  -1.24174860e+02 -2.34687720e+01 3.91933000e-01  2.19661760e+02  1.92150370e+01  
9.54400000e+03  gen40perm7      8.65347750e+01  8.28881330e+03  1.86455922e+03  7.80871000e-01  6.47474416e+04  5.62808699e+03  
9.56100000e+03  gen27perm5      -1.58130130e+01 4.54952790e+01  -3.38751085e+02 -3.38584400e+00 -3.35321561e+03 -1.23768379e+03 
9.84200000e+03  gen39perm8      -8.20778510e+01 -2.88441548e+04 -1.80159204e+04 4.62645342e+02  8.45696318e+03  9.85729986e+03  
9.87700000e+03  gen30perm8      -1.02921315e+02 2.54365633e+04  3.72903868e+03  1.03896120e+01  -1.01638105e+04 -1.75995053e+03 
1.00030000e+04  gen37perm7      -8.37219740e+01 -4.21490036e+03 -1.07558554e+03 6.34069000e-01  -1.60068446e+05 -3.56885016e+03 
1.00270000e+04  gen2perm3       1.75607559e+02  3.37775000e-01  -1.82791600e+00 2.36037020e+01  2.59080221e+02  4.94392000e-01  
1.00950000e+04  gen11perm7      6.21540000e-02  -1.73980110e+01 2.09218100e+00  5.91472000e-01  2.15370230e+01  1.59563720e+01  
1.01050000e+04  gen25perm1      2.49601850e+01  -4.98428164e+03 -2.23759425e+02 -8.49546854e+03 4.05892045e+04  8.04963394e+02  
1.01420000e+04  gen22perm1      -1.18874220e+01 1.46743836e+03  6.95334010e+01  5.35701012e+03  -1.43786069e+04 -2.82170345e+02 
1.03710000e+04  gen23perm7      -5.47839000e+00 -2.13680689e+02 -3.03685230e+01 7.07195000e-01  -6.03943592e+03 -1.49079964e+02 
1.04380000e+04  gen22perm7      -4.81583500e+00 -1.04772733e+02 -1.98046790e+01 7.13403000e-01  -2.48093465e+03 -1.01460672e+02 
1.05520000e+04  gen34perm7      2.78462050e+01  1.29426124e+03  3.27441511e+02  7.56724000e-01  4.39041222e+04  1.29876564e+03  
1.05870000e+04  gen36perm7      -3.53776310e+01 -2.49810993e+03 -5.70774899e+02 7.41634000e-01  -9.00991550e+04 -2.24808146e+03 
1.06270000e+04  gen30perm7      -1.27307510e+01 -5.52658300e+02 -2.27126445e+02 7.10409000e-01  -2.88760820e+04 -9.95571901e+02 
1.08980000e+04  gen13perm5      -4.96290000e-02 6.64733000e+00  -1.41262300e+00 6.65756000e-01  -6.64707200e+00 -3.63022210e+01 
1.10070000e+04  gen16perm9      4.97099200e+00  -4.70291255e+03 6.31114810e+01  6.17547400e+00  1.41875971e+04  -3.65432829e+02 
1.10420000e+04  gen0perm7       2.56290000e-01  7.58737810e+01  8.99566500e+00  9.96281000e-01  6.33477280e+02  1.13901090e+01  
1.10420000e+04  gen1perm7       2.56290000e-01  7.58737810e+01  8.99566500e+00  9.96281000e-01  6.33477280e+02  1.13901090e+01  
1.10480000e+04  gen24perm7      -4.39768400e+00 -1.48129462e+02 -1.56900890e+01 7.05218000e-01  -7.13873797e+03 -9.01472980e+01 
1.10980000e+04  gen31perm1      -4.19007720e+01 -2.67735329e+04 -5.65842274e+02 4.51191904e+04  2.52330429e+05  1.70594950e+03  
1.11130000e+04  gen33perm2      4.14897220e+01  1.52975542e+03  -1.14508568e+03 -3.25694537e+05 -1.87375046e+06 -4.63631479e+03 
1.12810000e+04  gen3perm7       -3.09924000e-01 -1.02358880e+01 -4.17184900e+00 6.11074000e-01  2.00718680e+01  -4.94887400e+00 
1.13070000e+04  gen33perm8      4.75138880e+01  -4.83182995e+04 -6.54287111e+03 7.18968200e+01  8.32989131e+03  5.72190383e+03  
1.14570000e+04  gen16perm1      -3.06087000e-01 4.05671660e+01  1.83897490e+01  2.19237435e+03  -1.66407402e+03 -1.87889690e+01 
1.15300000e+04  gen28perm8      3.69802200e+01  4.27959621e+03  3.48841646e+02  -5.42155330e+01 5.87928240e+02  -1.65224830e+03 
1.16240000e+04  gen8perm4       7.72831500e+00  -9.89561800e+00 1.58710934e+02  1.01686087e+02  -3.35583737e+02 4.28586030e+01  
1.16790000e+04  gen16perm2      3.72012500e+00  -4.09749560e+01 2.02178330e+01  5.00949026e+03  1.17563623e+04  -1.34713437e+02 
1.18090000e+04  gen44perm1      -2.58840614e+03 5.04547443e+04  3.73317694e+04  4.43786070e+06  8.63331990e+06  -5.26505637e+04 
1.18300000e+04  gen9perm2       1.28883600e+00  -7.04020900e+00 4.17245900e+00  1.18260516e+03  1.48698394e+03  -4.16661810e+01 
1.18510000e+04  gen38perm1      8.24590440e+02  -2.91751268e+04 -7.81991748e+02 7.29462626e+04  1.99231358e+06  2.12235066e+03  
1.19410000e+04  gen29perm1      -1.20722253e+02 1.22383380e+04  8.27685568e+02  5.94390745e+04  -1.56267344e+05 -3.28763319e+03 
1.19600000e+04  gen16perm5      2.03853300e+00  -5.54042120e+01 1.81002080e+01  2.07003000e-01  -4.48543590e+02 1.68472688e+02  
1.22910000e+04  gen0perm2       2.55000000e-03  2.05630000e-02  7.24100000e-03  1.76890719e+02  1.21789800e+00  1.81559333e+02  
1.22910000e+04  gen1perm2       2.55000000e-03  2.05630000e-02  7.24100000e-03  1.76890719e+02  1.21789800e+00  1.81559333e+02  
1.23320000e+04  gen28perm5      -3.70084600e+01 -5.97447583e+02 -4.35722922e+02 -1.00462960e+01 -4.11844545e+04 2.21809301e+03  
1.24130000e+04  gen29perm7      -1.03516260e+01 -3.00742108e+02 -1.30498286e+02 7.25988000e-01  -1.67570523e+04 -7.95094299e+02 
1.24460000e+04  gen5perm2       1.19990000e-02  -4.43000000e-04 1.29500000e-02  -2.03122246e+02 2.47980967e+02  7.52333500e+00  
1.25160000e+04  gen20perm5      -1.47066800e+00 3.56046740e+01  -7.65972400e+00 7.14829000e-01  1.13254120e+02  -1.05547544e+02 
1.26430000e+04  gen34perm8      9.37079950e+01  -3.80353338e+04 -5.54694344e+03 -2.37238360e+01 1.19383208e+04  -2.08862284e+03 
1.27900000e+04  gen12perm7      2.19858000e-01  -2.07881700e+01 3.16682000e-01  5.72881000e-01  8.95252450e+01  1.16211000e+01  
1.29130000e+04  gen27perm1      1.25424630e+01  4.36004511e+03  1.00996208e+02  -2.12702180e+04 -7.77746021e+03 6.43704713e+02  
1.29130000e+04  gen38perm8      -1.83602813e+02 4.29476359e+04  -9.16448966e+02 3.03699441e+02  -1.33542292e+04 -3.50009609e+02 
1.29870000e+04  gen44perm7      -1.58333864e+02 -1.72519480e+04 -9.00465210e+02 -9.13790000e-02 -3.30084654e+05 -4.06868303e+03 
1.30240000e+04  gen26perm1      3.93285430e+01  -2.95607226e+03 -2.27631622e+02 -1.99338446e+04 4.42118629e+04  1.29177067e+03  
1.32540000e+04  gen23perm1      -1.59317490e+01 8.59682102e+02  5.04923400e+01  7.68608369e+03  -9.88741205e+03 -3.35435419e+02 
1.32860000e+04  gen10perm1      7.59244000e-01  6.82174690e+01  3.02092100e+00  -7.20888701e+02 2.06042285e+03  5.14564570e+01  
1.33110000e+04  gen13perm2      -1.66626400e+00 -2.42253600e+00 -5.72763300e+00 -2.42844423e+03 -8.61880507e+03 -6.76935850e+01 
1.34470000e+04  gen21perm5      -3.82472200e+00 -4.99233230e+01 -3.82382210e+01 -3.93058000e-01 -3.37015908e+03 3.59097845e+02  
1.35370000e+04  gen14perm1      -2.02474600e+00 1.71948971e+02  2.66376490e+01  2.21548327e+03  -4.55397662e+03 -6.16007800e+00 
1.35570000e+04  gen22perm3      -1.92674149e+03 1.42203977e+02  1.50391820e+03  6.84864542e+02  -9.69331950e+01 1.71690690e+02  
1.38860000e+04  gen42perm8      3.47846800e+02  -2.62733841e+04 2.58265949e+04  -1.39918030e+03 4.95840597e+03  -4.78579469e+03 
1.38870000e+04  gen36perm8      2.40315780e+01  6.07175398e+04  1.63398804e+04  -1.94818794e+02 -1.21475512e+04 -1.16006262e+04 
1.39110000e+04  gen38perm5      2.33386366e+02  8.84197819e+03  2.86452188e+03  7.91004730e+01  7.08015368e+05  1.71135469e+04  
1.39780000e+04  gen31perm5      8.38345710e+01  5.30201782e+02  5.25489618e+02  1.62019980e+01  8.43016496e+04  -3.49278242e+03 
1.39850000e+04  gen17perm3      -8.99597061e+02 1.63137037e+02  -1.25216110e+03 5.34785028e+02  1.00038567e+03  1.25479003e+02  
1.40120000e+04  gen13perm7      1.41997700e+00  4.14878000e-01  1.00734600e+00  5.69706000e-01  5.09006760e+02  1.49252330e+01  
1.41750000e+04  gen45perm7      -1.18970811e+02 -7.27735189e+03 -1.79310184e+03 -6.14909000e-01 -5.82839578e+05 1.20991577e+04  
1.42410000e+04  gen33perm1      2.63836375e+02  -2.30219505e+04 -1.42965064e+03 -2.57731632e+05 1.85774345e+05  7.13380814e+03  
1.43060000e+04  gen42perm7      4.24967030e+01  1.46511950e+03  1.27032073e+03  1.18018800e+00  2.66938347e+05  -9.90544529e+03 
1.44490000e+04  gen19perm2      6.14208000e-01  1.12627919e+02  -3.08948910e+01 -2.42728644e+04 -3.28325164e+04 7.72461154e+02  
1.45060000e+04  gen24perm1      3.94394000e-01  -2.27776037e+03 -1.03744510e+02 4.85805620e+03  9.98818658e+03  -3.88407840e+01 
1.45340000e+04  gen33perm7      2.00592940e+01  1.41973075e+03  2.76137240e+02  7.21599000e-01  2.90092885e+04  2.49298222e+03  
1.45670000e+04  gen39perm7      -6.54478600e+00 3.59459994e+03  3.44702253e+02  5.31392000e-01  -6.69858441e+04 4.12120489e+03  
1.46530000e+04  gen9perm3       -1.37693770e+01 1.31013250e+01  -1.53208984e+02 -2.54599690e+01 2.64125698e+02  1.52329760e+01  
1.47210000e+04  gen32perm1      1.12428405e+02  -3.92799734e+04 -1.30552564e+03 -1.35240131e+05 4.49615157e+05  5.57238946e+03  
1.47770000e+04  gen47perm7      2.59252632e+02  2.83217055e+04  1.78519878e+03  1.62416200e+00  7.51997538e+05  9.26124457e+03  
1.48090000e+04  gen10perm3      -7.05723641e+02 4.54666940e+01  -4.99305715e+02 -3.42845467e+02 6.48053398e+02  3.61376830e+01  
1.48230000e+04  gen48perm7      3.71858574e+02  1.82046408e+04  3.22752428e+03  3.00125600e+00  1.73008891e+06  -2.01588664e+04 
1.48950000e+04  gen17perm8      -7.96999000e-01 8.96964745e+02  1.18621921e+02  1.69939400e+00  2.71806005e+02  2.52029150e+01  
1.49000000e+04  gen25perm5      1.61034360e+01  2.18384469e+02  1.76542997e+02  5.29998600e+00  1.25334376e+04  -1.72805220e+03 
1.49020000e+04  gen44perm5      -7.56299906e+02 3.02226551e+02  4.16770531e+04  7.86373890e+01  2.94749031e+06  3.19427574e+05  
1.49330000e+04  gen3perm4       -1.82029540e+01 -6.04000000e-04 9.74848210e+01  -4.32655450e+01 3.06527826e+02  -8.19972300e+00 
1.49470000e+04  gen5perm3       -2.55920492e+02 -3.18123000e-01 -3.62023390e+01 -4.03671890e+01 3.01873721e+02  2.51862400e+00  
1.49520000e+04  gen19perm9      2.46723800e+00  -1.48030428e+04 -1.20113568e+02 7.65413000e+00  -1.50234251e+03 -4.30971597e+03 
1.49560000e+04  gen23perm3      -5.56342706e+03 3.62156381e+02  -6.38632885e+03 1.08418637e+03  3.90222886e+03  4.20980118e+02  
1.49950000e+04  gen10perm2      1.16959800e+00  2.20997630e+01  5.30418900e+00  3.95510047e+02  3.78560501e+03  1.09676247e+02  
1.50150000e+04  gen11perm3      -9.80624365e+02 4.37817250e+01  -5.18827788e+02 -4.77187513e+02 8.28640785e+02  3.37812090e+01  
1.50970000e+04  gen9perm4       -4.09824830e+01 3.01010200e+00  6.72186625e+02  1.57130917e+02  5.07271742e+02  4.79890410e+01  
1.51030000e+04  gen7perm4       1.21354950e+01  -1.14444740e+01 -2.26201064e+02 -7.39576200e+00 -2.08531151e+02 1.85185140e+01  
1.51290000e+04  gen19perm7      -2.05513100e+00 2.92407450e+01  -2.58112400e+00 7.17129000e-01  -3.00554844e+02 4.53096140e+01  
1.51330000e+04  gen11perm4      -1.01703979e+02 1.79288660e+01  1.13337962e+02  1.16645930e+01  1.48074790e+03  -7.46056300e+00 
1.52410000e+04  gen16perm3      5.89773764e+02  7.63896430e+01  -8.73343767e+02 7.86324225e+02  -4.38932918e+02 5.09729470e+01  
1.53580000e+04  gen15perm5      1.19120800e+00  -3.69011970e+01 4.71070100e+00  2.89491000e-01  -6.96107885e+02 1.12682779e+02  
1.54160000e+04  gen6perm5       -2.40630000e-02 -8.52724000e+00 -1.98168700e+00 6.75419000e-01  2.46935006e+02  -4.65884800e+00 
1.54210000e+04  gen41perm5      -3.98739902e+02 -4.84082733e+03 -9.66888966e+03 -1.11570026e+02 -1.86100310e+06 -8.55125454e+04 
1.54450000e+04  gen17perm2      4.62517700e+00  -2.90859400e+00 2.59250110e+01  -7.32960198e+03 1.91212034e+04  3.73539391e+02  
1.54590000e+04  gen22perm5      -5.09178700e+00 -1.29090193e+02 -5.36326310e+01 -1.34795000e+00 -5.51454475e+03 7.72325761e+02  
1.54860000e+04  gen16perm8      -6.24370000e-01 1.05892607e+03  1.07183028e+02  -2.32841000e-01 -2.58572244e+02 -1.87333680e+01 
1.54970000e+04  gen21perm2      -3.50301400e+00 -1.17967732e+02 -7.55070850e+01 6.31278301e+03  -1.91032065e+04 -1.20346545e+03 
1.54980000e+04  gen32perm3      -1.17254080e+04 4.97181178e+02  -8.73388752e+03 -5.90975199e+03 1.92392058e+04  -4.24126986e+02 
1.55020000e+04  gen14perm3      1.27276940e+03  -1.30465274e+02 8.95657823e+02  3.49751305e+02  -5.51806864e+02 -4.41040760e+01 
1.55070000e+04  gen8perm1       -2.76028000e-01 7.16157130e+01  1.00770600e+01  2.98016064e+02  -1.09440248e+03 2.74036300e+00  
1.55730000e+04  gen30perm1      -9.74330350e+01 -1.10802270e+03 2.18397675e+02  8.12125884e+04  -3.07992410e+04 -2.16357786e+03 
1.55760000e+04  gen18perm4      -3.75397142e+02 2.09895154e+02  1.23249276e+03  1.75849036e+02  8.15465080e+03  -5.93031890e+01 
1.55800000e+04  gen32perm7      4.85764600e+00  5.87040060e+02  7.82741780e+01  7.01991000e-01  -4.03518174e+02 2.05229963e+03  
1.55830000e+04  gen12perm9      -6.36356000e-01 -3.37972994e+03 -1.43212750e+01 5.05943000e-01  -2.84010887e+03 -5.96792112e+02 
1.56370000e+04  gen34perm1      1.56416441e+02  9.58819651e+03  -7.75671332e+02 -3.10337874e+05 -6.34712019e+05 7.02957877e+03  
1.57500000e+04  gen36perm2      -1.36566846e+02 -1.14988993e+03 1.79784321e+03  1.39641321e+06  2.80456485e+06  1.84799421e+04  
1.57770000e+04  gen47perm5      1.23815454e+03  4.82437407e+02  -1.25907835e+05 3.00000059e+02  -7.14109754e+06 -1.23435206e+06 
1.57910000e+04  gen5perm4       -2.68904600e+01 -6.97150000e-02 -1.95266424e+02 -1.04653122e+02 7.36367138e+02  -9.33180300e+00 
1.58060000e+04  gen39perm3      -6.85941258e+02 5.98075192e+03  2.51954973e+05  -1.98188980e+04 6.78763615e+04  -1.15049332e+04 
1.58210000e+04  gen19perm4      -3.13301070e+02 1.06333900e+01  -2.61694508e+03 -2.19279333e+03 -5.71110460e+02 -1.05686952e+02 
1.58580000e+04  gen37perm5      4.70553100e+01  -8.46510984e+02 3.14197908e+03  1.26998610e+01  1.23137324e+05  3.73135025e+04  
1.58710000e+04  gen26perm3      3.59882783e+03  -3.66159381e+02 1.73510079e+04  -2.11936926e+03 -9.64067055e+03 -6.47521414e+02 
1.58810000e+04  gen11perm2      2.76305000e-01  3.52058220e+01  2.62784800e+00  -1.88320288e+03 3.21781189e+03  1.72010092e+02  
1.58950000e+04  gen24perm3      -6.78961341e+03 3.37118787e+02  -1.27279227e+04 6.57129367e+02  5.40550350e+03  4.63234759e+02  
1.59000000e+04  gen32perm4      -3.32260021e+03 3.36556330e+03  -1.86378632e+04 -1.57765193e+04 2.09827143e+05  -7.20939938e+02 
1.59170000e+04  gen43perm5      -9.65174079e+02 -1.43482462e+04 3.43996269e+04  -8.89138470e+01 -9.64826730e+05 2.97649590e+05  
1.59400000e+04  gen10perm4      -9.41889540e+01 1.44620130e+01  6.62450768e+02  1.35256752e+02  1.16412322e+03  2.54548790e+01  
1.59430000e+04  gen16perm4      7.01235670e+01  2.42223900e+01  1.95934652e+03  5.92793001e+02  4.13055958e+03  7.64726750e+01  
1.59720000e+04  gen12perm3      -5.71881710e+01 -1.01482910e+01 4.13875998e+02  -2.56304760e+02 8.12551091e+02  1.59594370e+01  
1.60110000e+04  gen12perm4      -6.17918090e+01 -7.75600000e-01 -7.39654764e+02 -2.43396342e+02 5.38020627e+02  -2.73795000e+01 
1.60130000e+04  gen8perm2       8.31037000e-01  -2.46726650e+01 2.81964400e+00  1.08115468e+03  -7.55291486e+02 -9.93335200e+01 
1.60360000e+04  gen28perm4      3.10498216e+02  -3.04752860e+03 4.52070823e+03  -7.34834051e+03 -1.29738588e+05 1.61934760e+02  
1.60370000e+04  gen40perm5      2.04358617e+02  5.70254957e+03  -1.04679187e+04 1.34136300e+00  -2.35698878e+05 -1.16345867e+05 
1.60480000e+04  gen0perm4       1.44448327e+02  5.20000000e-02  3.70962808e+02  5.74367120e+01  2.91380000e-02  1.26799820e+01  
1.60480000e+04  gen1perm4       1.44448327e+02  5.20000000e-02  3.70962808e+02  5.74367120e+01  2.91380000e-02  1.26799820e+01  
1.61490000e+04  gen2perm7       -6.15800000e-03 5.14261680e+01  3.64931000e-01  8.88778000e-01  3.81281442e+02  1.80942500e+00  
1.61670000e+04  gen10perm9      1.60968700e+00  -2.45821566e+03 1.32840240e+01  1.71179100e+00  3.54783070e+03  -3.66587408e+02 
1.61950000e+04  gen40perm3      1.17521846e+05  8.32307569e+02  1.02923263e+06  -1.12115138e+05 3.66105734e+04  -2.80796491e+04 
1.62360000e+04  gen35perm4      -2.75775797e+03 -8.34346767e+03 3.13455139e+04  -3.43221907e+04 -5.80905882e+05 1.08200239e+03  
1.62740000e+04  gen4perm3       -2.42305136e+02 -1.22125200e+00 -1.17273037e+02 -6.41823810e+01 3.51187268e+02  3.07960500e+00  
1.63080000e+04  gen15perm8      1.93659000e-01  4.73377364e+02  4.38608150e+01  -3.35392000e-01 -1.52913973e+02 -7.93756400e+00 
1.63200000e+04  gen8perm3       4.58910528e+02  -3.27281920e+01 2.01310605e+02  1.58868657e+02  -3.52575440e+01 4.90203100e+00  
1.63290000e+04  gen6perm10      1.77683811e+02  5.76924693e+02  9.82817900e+00  1.75806100e+00  2.37709079e+03  -1.23006924e+02 
1.63370000e+04  gen25perm4      -8.37623184e+02 7.62620904e+02  -7.85949641e+03 -2.74915103e+03 3.47742140e+04  -1.87571770e+02 
1.63510000e+04  gen15perm9      7.55035000e-01  1.37002202e+04  3.49199780e+01  -4.87132000e-01 3.99902384e+03  3.47927077e+03  
1.63630000e+04  gen42perm5      -9.65876616e+02 -1.72131122e+04 1.11065861e+04  -1.71188214e+02 -2.51940207e+06 1.03940805e+05  
1.63780000e+04  gen13perm3      6.45195794e+02  -9.26041200e+01 1.06880447e+03  -6.56035010e+01 2.66602065e+02  -2.39591450e+01 
1.64400000e+04  gen25perm3      -6.12030524e+03 2.59693470e+01  -6.72821514e+03 -5.74239945e+02 2.54831592e+03  -1.34198252e+02 
1.64410000e+04  gen22perm4      8.41768793e+02  -3.77758302e+02 5.36889150e+03  4.05698538e+03  -9.08657956e+03 1.10190205e+02  
1.64460000e+04  gen20perm3      8.34336171e+02  -1.37068902e+02 4.49853442e+03  -8.33238708e+02 -2.22541172e+03 -9.11762650e+01 
1.64530000e+04  gen15perm2      8.20830000e-01  -4.20611600e+01 7.37692400e+00  1.00754960e+04  -1.07752922e+03 -3.33325690e+02 
1.64740000e+04  gen10perm8      4.71620000e-02  3.78467684e+02  4.18140940e+01  4.07076000e-01  2.17915348e+02  2.06587520e+01  
1.64760000e+04  gen27perm3      1.33985282e+04  -5.46060597e+02 3.83823753e+04  -2.22601759e+03 -1.91837361e+04 -7.29283548e+02 
1.65280000e+04  gen28perm3      1.33291640e+04  -3.73908681e+02 2.20455521e+04  1.14868430e+03  -1.68668665e+04 -3.83608189e+02 
1.65330000e+04  gen2perm4       4.38750580e+01  4.69030000e-02  2.27191615e+02  2.19946700e+01  7.75217970e+01  4.53049800e+00  
1.65340000e+04  gen6perm3       1.63963801e+02  -2.05118730e+01 1.85648138e+02  5.37678530e+01  1.92382975e+02  -3.41544400e+00 
1.65700000e+04  gen33perm3      2.19982306e+04  -2.28132919e+02 2.06133493e+05  -1.78257295e+04 -3.43425252e+04 -3.31443382e+03 
1.65810000e+04  gen14perm4      1.17883023e+02  -5.96605390e+01 -9.60591292e+02 -3.92517346e+02 -3.20571351e+03 1.65401860e+01  
1.65930000e+04  gen35perm1      -3.52592146e+02 7.45301006e+04  1.30669160e+03  3.51782521e+04  -1.26262153e+06 -3.63793458e+03 
1.66460000e+04  gen43perm3      -1.34137131e+05 -2.34006601e+03 -2.52643987e+06 2.56862292e+05  -1.43205356e+05 3.78897508e+04  
1.66470000e+04  gen9perm8       -9.29240000e-02 5.12736889e+02  7.22516550e+01  2.54759000e-01  1.17032693e+02  1.43354320e+01  
1.66550000e+04  gen8perm8       -2.62983000e-01 7.58022931e+02  7.88298220e+01  3.10885000e-01  1.27711963e+02  6.60460600e+00  
1.66710000e+04  gen34perm3      4.41244778e+04  -1.33634181e+03 3.20868721e+05  -1.64319493e+04 -6.58519599e+04 -4.38816017e+03 
1.66720000e+04  gen37perm3      -7.28421835e+04 2.12447396e+03  -7.31795596e+05 3.96173634e+04  1.59335901e+04  1.03255725e+04  
1.66750000e+04  gen21perm4      3.46749173e+02  -5.68442913e+02 -2.42850431e+03 -2.21946291e+03 -2.26799856e+04 3.37126750e+01  
1.66880000e+04  gen3perm3       3.33168500e+00  -5.90652000e-01 -7.79731920e+01 -2.39573670e+01 3.17620291e+02  1.72060100e+00  
1.66960000e+04  gen21perm3      9.52107747e+02  -8.50353410e+01 3.44785597e+03  -9.41094200e+01 -2.09112746e+03 -4.38626010e+01 
1.67050000e+04  gen13perm4      2.42238240e+01  -3.92404600e+01 -1.40431080e+03 -4.03100972e+02 -1.77521788e+03 -2.09694950e+01 
1.67270000e+04  gen6perm4       -4.05963800e+00 -5.69797600e+00 -2.80812096e+02 -8.04599550e+01 3.31724744e+02  -5.36588900e+00 
1.67310000e+04  gen29perm3      -2.31153135e+03 -1.17742724e+02 -4.87593976e+04 6.43602245e+03  -1.70912039e+03 5.63185187e+02  
1.67350000e+04  gen29perm4      2.17821870e+03  -7.04457586e+02 4.13434050e+04  3.24643876e+04  -7.45940184e+04 4.83742405e+02  
1.67430000e+04  gen30perm3      -2.62156036e+04 3.03366938e+02  -1.22325247e+05 7.34054773e+03  2.54118281e+04  1.35892839e+03  
1.67470000e+04  gen26perm4      -1.32496396e+03 -7.59405080e+01 -2.10817889e+04 -1.82001166e+04 -4.85139856e+03 -2.35229828e+02 
1.67540000e+04  gen36perm3      -3.78049390e+04 -9.79482985e+02 -4.79298512e+05 2.26405656e+04  -2.55428050e+04 5.31633954e+03  
1.67860000e+04  gen20perm4      -1.74393870e+02 -3.62005200e+02 -5.78673181e+03 -3.54908323e+03 -1.56819968e+04 -6.16792750e+01 
1.67880000e+04  gen45perm5      -1.13765499e+02 2.43650511e+04  -1.22252820e+04 2.63485374e+02  5.80893042e+06  -1.25186532e+05 
1.68090000e+04  gen23perm4      7.21943871e+02  6.24060710e+01  1.15161137e+04  9.07526131e+03  2.46479279e+04  1.08524879e+02  
1.68210000e+04  gen41perm3      1.78885037e+05  -1.26857362e+04 9.94450412e+05  -1.40769250e+05 -4.18205628e+04 -2.27701289e+04 
1.68220000e+04  gen30perm5      1.99063430e+01  -9.72019189e+02 2.38720887e+02  1.80788600e+00  -7.66023523e+03 4.67151823e+03  
1.68370000e+04  gen7perm8       -2.40056000e-01 4.79701263e+02  3.61551340e+01  5.40933000e-01  1.97930754e+02  -1.93842100e+00 
1.68490000e+04  gen31perm3      -3.74847182e+04 6.66366772e+02  -1.42841379e+05 5.50223276e+03  4.28548150e+04  1.17157231e+03  
1.68570000e+04  gen2perm1       2.99760000e-02  2.74857800e+01  5.19344000e-01  3.50574300e+01  2.83993611e+02  1.48613000e-01  
1.68630000e+04  gen38perm3      -7.66150334e+04 5.54617699e+03  -6.98350129e+05 4.40142632e+04  5.90894959e+04  8.06025405e+03  
1.68880000e+04  gen19perm3      -2.98935321e+02 -6.20325810e+01 2.78862628e+03  -6.76685669e+02 3.71086880e+01  -2.01870590e+01 
1.68970000e+04  gen27perm2      -3.45415900e+00 3.79629702e+02  -1.77997587e+02 -3.75402256e+04 -5.26623267e+05 -4.74314964e+03 
1.69090000e+04  gen33perm4      -5.90572663e+03 -5.17879696e+03 -9.06890933e+04 -9.93806370e+04 -2.09207035e+02 -8.99873773e+02 
1.69310000e+04  gen36perm4      7.40825750e+03  -1.56167091e+03 2.49528646e+05  1.92658630e+05  -5.74962814e+05 1.58914619e+03  
1.69460000e+04  gen6perm1       4.64100000e-03  -1.74574190e+01 1.38669800e+00  1.35138490e+02  1.46863780e+01  1.81121200e+00  
1.69490000e+04  gen27perm4      -8.05253812e+02 -2.09346069e+03 -1.86992008e+04 -2.31809778e+04 -8.96926045e+04 -1.18653952e+02 
1.69490000e+04  gen30perm4      2.81881429e+03  3.86176338e+03  5.17773148e+04  6.02576804e+04  5.41650998e+04  3.91516811e+02  
1.69610000e+04  gen7perm1       -2.02171000e-01 2.43973950e+01  6.33406400e+00  3.43757381e+02  -9.40578290e+02 -2.13567000e-01 
1.69990000e+04  gen17perm4      -1.85322550e+02 1.44277665e+02  2.79431596e+03  1.05768469e+03  8.05286084e+03  1.12245670e+01  
1.70060000e+04  gen24perm4      1.45509640e+01  5.95121252e+02  7.44146659e+03  8.42062901e+03  4.57763671e+04  -3.62520740e+01 
1.70300000e+04  gen3perm1       1.76150000e-02  1.35269220e+01  -1.52053200e+00 -5.11465430e+01 5.42231097e+02  2.60687000e-01  
1.71010000e+04  gen42perm3      7.10365648e+04  -2.04581672e+04 -1.31976292e+05 3.10430698e+04  -1.15485195e+05 -3.97535167e+03 
1.71100000e+04  gen0perm1       4.94260000e-02  3.15995260e+01  1.61534600e+00  1.14927459e+02  1.11453563e+02  2.08350000e-02  
1.71100000e+04  gen1perm1       4.94260000e-02  3.15995260e+01  1.61534600e+00  1.14927459e+02  1.11453563e+02  2.08350000e-02  
1.71100000e+04  gen5perm1       7.29000000e-04  -2.94023070e+01 -2.90622400e+00 -8.35617770e+01 5.32490042e+02  2.24302500e+00  
1.71130000e+04  gen6perm8       1.26380000e-02  -3.20089710e+01 -3.14890090e+01 7.63936000e-01  3.01511449e+02  1.26572800e+00  
1.71150000e+04  gen4perm1       8.98000000e-04  -2.21480570e+01 -2.95881200e+00 -1.20679548e+02 6.71554500e+02  1.38940300e+00  
1.71190000e+04  gen7perm3       4.27401515e+02  -4.17149280e+01 3.47463362e+02  1.73850090e+02  2.44322900e+00  1.03713000e-01  
1.71210000e+04  gen0perm3       2.29823321e+02  8.63742000e-01  7.15400330e+01  4.19328530e+01  2.24861179e+02  1.66470000e-02  
1.71210000e+04  gen1perm3       2.29823321e+02  8.63742000e-01  7.15400330e+01  4.19328530e+01  2.24861179e+02  1.66470000e-02  
1.71220000e+04  gen3perm8       5.99600000e-03  -2.51241810e+01 -3.40773270e+01 6.89923000e-01  2.68262228e+02  1.18793500e+00  
1.71240000e+04  gen2perm8       4.99800000e-03  1.54886649e+02  3.43480910e+01  5.05379000e-01  2.53822530e+02  1.46494800e+00  
1.71270000e+04  gen0perm8       3.92700000e-03  1.81261233e+02  5.50853540e+01  3.99524000e-01  2.52614904e+02  1.58809700e+00  
1.71270000e+04  gen1perm8       3.92700000e-03  1.81261233e+02  5.50853540e+01  3.99524000e-01  2.52614904e+02  1.58809700e+00  
1.71300000e+04  gen4perm8       8.75100000e-03  -2.84112321e+02 -9.00529030e+01 8.62513000e-01  2.86533896e+02  9.23089000e-01  
1.71310000e+04  gen5perm8       1.20240000e-02  -4.06479034e+02 -1.15929295e+02 9.67143000e-01  3.01076153e+02  9.27215000e-01  
1.72040000e+04  gen33perm5      -4.59398300e+00 2.88644880e+03  -3.55980197e+02 4.63367100e+00  7.70673474e+04  -1.24465037e+04 
1.72610000e+04  gen31perm4      5.51639064e+02  7.35055005e+03  3.79648180e+04  5.19227733e+04  1.95493551e+05  -8.40361340e+01 
1.72820000e+04  gen12perm1      1.20182000e+00  -7.47444720e+01 1.23474000e+00  -7.31235396e+02 2.17756396e+03  6.01148030e+01  
1.73560000e+04  gen12perm2      -1.08909300e+00 2.08341800e+01  -2.67176700e+00 -3.60267108e+03 -2.54792803e+03 1.44000283e+02  
1.73710000e+04  gen39perm4      -1.93081884e+04 1.23838234e+04  -4.66239297e+05 -1.23539191e+04 1.56805454e+06  -2.83598087e+03 
1.74870000e+04  gen34perm4      -6.51612803e+03 -1.08111474e+04 -1.01043082e+05 -1.24801353e+05 -3.82398598e+05 2.55257060e+01  
1.75710000e+04  gen43perm4      5.04281423e+04  -1.46695096e+04 1.81805730e+06  6.27759595e+05  -1.93051738e+06 7.37468047e+03  
1.75820000e+04  gen37perm4      1.58730774e+04  1.31541721e+04  3.20638098e+05  3.32593012e+05  2.09683599e+05  3.73719160e+02  
1.75870000e+04  gen39perm5      2.99083152e+02  1.50894388e+04  -3.91532537e+03 9.44914850e+01  7.95199033e+05  -6.58972151e+04 
1.76730000e+04  gen21perm6      1.99685023e+03  1.19375355e+04  -1.09194206e+02 -3.00122197e+03 -2.01929537e+04 1.97145760e+03  
1.77060000e+04  gen9perm9       2.11034900e+00  1.02599425e+03  1.43441160e+01  7.15425000e-01  1.63255406e+03  8.41345737e+02  
1.77180000e+04  gen40perm8      1.77035261e+02  -1.07052957e+05 -2.54467500e+04 2.69230861e+02  2.52018081e+04  1.58339347e+04  
1.77590000e+04  gen26perm5      8.09167100e+00  3.03699234e+02  -5.90388840e+01 3.49448600e+00  1.40170436e+04  -2.14014981e+03 
1.77630000e+04  gen38perm4      9.03617823e+03  2.17996278e+04  -1.14930911e+05 3.24296948e+05  1.24466512e+06  -1.44606859e+03 
1.77840000e+04  gen46perm5      6.83393665e+02  3.65026753e+04  -1.00443465e+05 3.33785983e+02  4.45637282e+06  -9.26552006e+05 
1.77880000e+04  gen28perm7      -4.16499700e+00 1.17189032e+02  5.74416900e+00  7.25805000e-01  1.79269847e+03  -2.50053288e+02 
1.78000000e+04  gen13perm9      -2.16163200e+00 3.63969883e+03  -1.88292500e+01 -1.84937500e+00 -6.58773520e+03 1.17518561e+03  
1.79030000e+04  gen22perm2      -4.70288400e+00 -2.90782039e+02 -4.17159470e+01 2.77687514e+04  5.46713268e+04  -1.88027034e+03 
1.79220000e+04  gen24perm2      -2.03732000e+00 1.74995630e+02  4.48374650e+01  -1.08679563e+04 7.94610245e+04  2.68276026e+03  
1.80180000e+04  gen44perm3      -2.48642049e+05 2.76311785e+04  -3.50479195e+06 3.27993528e+05  3.65934587e+04  6.28043011e+04  
1.80200000e+04  gen36perm5      -7.74413130e+01 -6.99173457e+03 1.13090296e+03  -3.05081870e+01 -2.17117672e+05 3.52913808e+04  
1.80880000e+04  gen35perm5      -1.61168320e+02 -5.48084950e+03 -6.19273292e+02 -3.38335730e+01 -2.15732509e+05 1.98010630e+04  
1.81110000e+04  gen17perm7      -1.84710600e+00 1.64120500e+00  -4.14360000e-01 7.19192000e-01  -1.04328877e+03 3.04380650e+01  
1.81290000e+04  gen7perm9       2.86940000e-01  2.02255882e+03  2.09868900e+00  -1.14100000e-02 -1.28610092e+03 1.08432152e+03  
1.81570000e+04  gen32perm5      8.01772770e+01  2.63379270e+03  2.99347473e+02  2.25342690e+01  1.36204639e+05  -1.14270823e+04 
1.81890000e+04  gen8perm9       1.39860200e+00  2.76430091e+03  9.01448600e+00  -2.16500000e-03 -3.55816407e+02 1.22027845e+03  
1.82450000e+04  gen6perm6       2.63788800e+00  4.54102851e+02  -1.87102600e+00 4.47668221e+02  3.52364830e+01  2.98006656e+03  
1.82500000e+04  gen6perm9       -1.89562000e-01 3.72270279e+02  -7.12230000e-01 2.50951000e-01  -5.88629340e+02 3.41528773e+02  
1.83090000e+04  gen14perm2      -1.46793400e+00 -2.59969050e+01 -2.61053700e+00 5.05361191e+03  -1.01352410e+04 -2.59673045e+02 
1.83160000e+04  gen29perm5      -2.63863980e+01 -1.05048626e+03 -1.05122289e+02 -9.63055400e+00 -5.68739776e+04 5.29670744e+03  
1.83360000e+04  gen47perm2      9.44795579e+02  9.85689470e+03  -2.88535616e+04 -1.07031831e+06 -8.23007136e+07 -9.06766837e+05 
1.83370000e+04  gen34perm2      1.10988100e+01  7.55540345e+02  -1.53941271e+03 5.89167588e+05  -1.35767254e+06 -8.76766454e+04 
1.83700000e+04  gen40perm2      1.26951377e+02  3.16281148e+03  -6.05255904e+03 -9.81165003e+05 -7.57152698e+06 -2.66234177e+05 
1.83710000e+04  gen49perm7      -2.25210340e+01 -3.32475744e+04 2.07022401e+03  2.61893100e+00  1.33368038e+06  -3.83143251e+04 
1.83980000e+04  gen9perm6       1.18443820e+01  -3.60835471e+02 1.14684870e+01  -3.87093336e+02 -1.20560470e+02 -1.29367919e+03 
1.84350000e+04  gen26perm2      4.77369900e+00  6.53645392e+02  -6.12378740e+01 -1.14125984e+05 -4.44990075e+05 4.70295784e+03  
1.84490000e+04  gen30perm2      -1.62247720e+01 -6.32745758e+02 2.86023793e+02  1.55016000e+05  8.59955599e+05  1.76508527e+04  
1.84530000e+04  gen28perm2      -1.30367840e+01 2.59961670e+01  -2.28416398e+02 1.45884690e+05  -3.45335069e+05 -1.48179005e+04 
1.84570000e+04  gen46perm3      2.98348759e+05  2.77315881e+04  6.19540946e+06  -3.03915977e+05 3.15063624e+05  -2.74232970e+04 
1.84620000e+04  gen2perm10      2.61303320e+01  3.74709289e+02  3.88025700e+00  2.66397700e+00  2.82920949e+02  2.38599233e+02  
1.85030000e+04  gen0perm10      7.17033720e+01  4.74433293e+02  6.60945700e+00  5.18113000e+00  9.45865786e+02  3.83746838e+02  
1.85030000e+04  gen1perm10      7.17033720e+01  4.74433293e+02  6.60945700e+00  5.18113000e+00  9.45865786e+02  3.83746838e+02  
1.85030000e+04  gen7perm10      4.04535002e+02  1.16111306e+03  2.66470800e+01  6.09009500e+00  3.06873022e+03  1.41568540e+03  
1.85050000e+04  gen7perm2       2.03707000e-01  -2.19307370e+01 2.15931000e-01  7.36528868e+02  -1.14747275e+03 -9.93881730e+01 
1.85180000e+04  gen40perm4      -4.41945087e+04 -2.77777520e+04 -5.36285557e+05 -3.70645817e+05 1.54891874e+06  -1.43743609e+03 
1.85420000e+04  gen31perm2      2.41033400e+00  6.78115450e+01  4.48035967e+02  -2.08452027e+05 3.41760217e+05  5.17266661e+04  
1.85770000e+04  gen20perm7      -1.51970600e+00 5.18001730e+01  4.06891000e-01  7.18552000e-01  3.27405290e+02  6.09842470e+01  
1.86100000e+04  gen3perm9       -1.49725000e-01 -6.70732720e+01 -1.34948000e-01 4.50999000e-01  4.84236878e+02  -1.04382355e+02 
1.86100000e+04  gen18perm2      3.51777000e+00  8.69921330e+01  6.71581100e+00  -2.09633716e+04 3.97820547e+03  7.66918236e+02  
1.86220000e+04  gen37perm2      -3.41882420e+01 -1.55311064e+03 3.75051648e+03  5.54683257e+05  3.72596631e+06  2.70482375e+05  
1.86550000e+04  gen3perm10      -5.75311750e+01 -3.06035470e+01 -2.92222900e+00 -6.62698000e-01 -6.74359967e+02 -2.23138824e+02 
1.86800000e+04  gen8perm10      3.82085760e+02  1.20965897e+03  3.20663060e+01  7.59605400e+00  1.57921550e+03  2.29860118e+03  
1.86930000e+04  gen9perm10      6.19853020e+01  3.26254930e+02  1.84132690e+01  3.42064500e+00  -1.18481896e+03 1.52504961e+03  
1.87050000e+04  gen4perm10      -1.03462097e+02 -4.54093949e+02 -7.50286300e+00 -3.18175900e+00 -1.17090675e+03 -6.04392241e+02 
1.87190000e+04  gen43perm2      -5.37302636e+02 -1.02215922e+04 9.92272865e+03  9.13896616e+05  2.40399819e+07  4.71350709e+05  
1.87350000e+04  gen46perm7      1.63114770e+01  1.36710242e+04  -3.94427790e+02 1.65598000e-01  -2.75478843e+05 2.42573134e+04  
1.87570000e+04  gen44perm4      6.69431098e+04  3.00165922e+04  1.02420475e+06  1.17056637e+06  4.87027981e+05  -5.08981101e+02 
1.87580000e+04  gen39perm1      2.24900713e+03  -1.12053789e+05 -1.07240318e+04 -1.36661888e+06 1.69638052e+06  2.18631063e+04  
1.87640000e+04  gen13perm10     6.38768174e+02  3.50510230e+03  2.85201190e+01  2.67605440e+01  4.22023047e+03  2.16019509e+03  
1.88380000e+04  gen5perm10      -4.54583480e+01 -4.35033510e+02 -6.10092100e+00 -1.37253700e+00 3.85846892e+02  -7.46419597e+02 
1.88460000e+04  gen25perm2      2.63861900e+00  5.91473777e+02  2.83494970e+01  -8.05615034e+04 -1.28301467e+05 5.72587893e+03  
1.88480000e+04  gen23perm9      1.37413150e+01  9.67304418e+02  1.68531094e+02  -4.71956800e+00 4.37843030e+04  -2.66522692e+04 
1.88560000e+04  gen35perm2      -7.67020810e+01 -7.19886530e+01 -1.06978149e+03 1.53114762e+06  8.69842662e+05  -1.27589224e+05 
1.88570000e+04  gen23perm2      -4.82068100e+00 -1.10012833e+02 6.41120400e+00  2.31496725e+04  1.05096763e+05  -1.12539822e+03 
1.88690000e+04  gen34perm10     9.34208504e+04  -4.43591527e+03 -3.66622275e+03 -2.89633772e+03 3.16897147e+05  -3.14185417e+05 
1.88830000e+04  gen41perm2      -2.09242321e+02 1.12674750e+03  -6.51190927e+03 -6.10538454e+05 -7.23843660e+06 -7.66876700e+05 
1.88900000e+04  gen38perm2      1.06191535e+02  4.11461384e+02  2.87319777e+03  -1.95391346e+05 3.06469125e+06  3.69503043e+05  
1.88900000e+04  gen44perm2      -2.71529250e+02 -5.32348725e+03 1.56977012e+04  1.82749119e+06  3.07232657e+07  1.42984601e+06  
1.89010000e+04  gen43perm7      -6.77983800e+01 -1.06388784e+04 1.91151537e+02  7.83160000e-01  6.20320570e+04  -1.36899915e+04 
1.89400000e+04  gen0perm6       3.93545480e+01  1.78915976e+02  1.69460000e-02  1.91170492e+02  7.97130000e-02  6.47969124e+02  
1.89400000e+04  gen1perm6       3.93545480e+01  1.78915976e+02  1.69460000e-02  1.91170492e+02  7.97130000e-02  6.47969124e+02  
1.89670000e+04  gen48perm2      3.07273221e+02  -6.36465193e+03 -2.76402759e+04 -1.66360137e+06 -5.67633102e+07 -2.80989117e+06 
1.89970000e+04  gen2perm2       4.79600000e-03  1.73170000e-02  1.60700000e-03  1.74685253e+02  1.62610888e+02  1.81453641e+02  
1.89990000e+04  gen47perm3      6.86511989e+05  -3.56363867e+04 1.01338498e+07  -5.72811012e+05 6.57695659e+04  -6.50596366e+04 
1.90190000e+04  gen5perm9       -3.90202000e-01 -7.27161983e+02 -1.69944000e-01 3.73180000e-01  3.03188481e+02  -2.83368815e+02 
1.90230000e+04  gen3perm2       7.94800000e-03  2.98400000e-03  -2.91200000e-03 5.42044960e+01  4.51912720e+02  1.37344292e+02  
1.90280000e+04  gen11perm1      1.32806400e+00  1.34778700e+00  -1.11395000e-01 -9.55679309e+02 2.91587854e+03  6.34200380e+01  
1.90300000e+04  gen10perm10     -5.46679799e+02 -1.45091691e+03 -8.72301000e+00 -6.26266600e+00 -3.29106001e+03 -1.79420045e+03 
1.90340000e+04  gen11perm9      1.09583700e+00  -4.86308498e+03 -1.89183700e+00 1.69024100e+00  1.69221254e+03  -1.24860600e+03 
1.90420000e+04  gen10perm6      -4.38962870e+01 -8.28754138e+02 1.31420690e+01  4.38119990e+01  9.69750509e+02  -3.76900789e+03 
1.90480000e+04  gen11perm10     -8.54960032e+02 -2.34005121e+03 -3.07954030e+01 -1.24536070e+01 -3.33676226e+03 -6.34278322e+03 
1.90500000e+04  gen29perm2      -1.71023790e+01 -4.02257459e+02 -3.75511850e+01 2.70843661e+05  3.68720913e+05  -1.18802400e+04 
1.90530000e+04  gen12perm10     -2.06410883e+02 -1.39973670e+03 -2.64938800e+01 -3.19630600e+00 -9.43513355e+02 -7.25602373e+03 
1.90560000e+04  gen18perm6      -9.72385678e+02 -3.54485282e+03 5.10405930e+01  4.24291170e+03  1.48096871e+04  9.30683988e+03  
1.90590000e+04  gen45perm3      -1.44902897e+05 4.56868146e+04  -5.26372968e+05 7.53779681e+04  2.66773412e+05  1.65455716e+04  
1.90710000e+04  gen39perm2      2.21427497e+02  2.36909252e+03  -1.27740732e+03 -8.65629111e+05 -2.15448951e+06 3.05354756e+05  
1.90750000e+04  gen4perm9       -3.46276000e-01 -5.38052179e+02 -1.95226000e-01 4.55429000e-01  6.51234028e+02  -4.87081616e+02 
1.90770000e+04  gen46perm2      8.76771471e+02  1.49240879e+04  -1.41215565e+04 1.60235292e+04  -3.06121199e+07 7.87068237e+05  
1.90900000e+04  gen12perm6      -7.33085750e+01 1.94105342e+03  -1.40105420e+01 7.09086614e+02  1.38200068e+03  4.51835965e+03  
1.90940000e+04  gen8perm6       4.69427500e+01  2.35803755e+02  4.47679700e+00  -1.83491032e+02 -5.06851020e+02 2.01502198e+03  
1.91010000e+04  gen15perm10     1.12702613e+03  5.53903926e+03  1.01435288e+02  3.73206200e+01  7.15603965e+03  1.77470309e+04  
1.91030000e+04  gen15perm6      2.74266390e+02  4.68180512e+02  -1.46547460e+01 -1.07558639e+03 -5.05308876e+03 -5.81645312e+03 
1.91130000e+04  gen45perm2      2.76046852e+02  6.43039794e+03  8.65948889e+03  1.06111789e+06  1.86933685e+07  1.43708554e+06  
1.91150000e+04  gen16perm10     -1.00546700e+03 -3.53414195e+03 4.74386140e+01  1.10654350e+01  -2.63835224e+03 1.26671175e+04  
1.91230000e+04  gen20perm9      -1.26450540e+01 6.22095394e+03  -4.75589370e+01 -2.16523900e+00 -1.92948330e+04 1.65323400e+04  
1.91250000e+04  gen32perm2      3.08308140e+01  1.07769840e+03  -1.16080511e+02 -4.22403163e+05 -1.01393843e+06 6.14061010e+04  
1.91370000e+04  gen30perm9      1.24180272e+02  3.23059099e+02  7.59636854e+02  -7.57502620e+01 2.19545418e+05  -5.25299407e+05 
1.91380000e+04  gen25perm6      -7.59370812e+02 6.26640395e+02  2.62332841e+02  1.22803524e+04  3.19675433e+04  1.55208289e+05  
1.91450000e+04  gen20perm10     2.23566819e+03  -3.28592317e+03 -6.31847220e+01 -3.87210600e+01 7.87526605e+03  -2.17184369e+04 
1.91610000e+04  gen13perm6      8.78300220e+01  3.58092517e+03  -2.16200040e+01 6.93254645e+02  -9.70766486e+02 1.01460203e+04  
1.91630000e+04  gen14perm6      2.53670385e+02  2.55881427e+03  -1.81438570e+01 -1.56089558e+02 -4.00259509e+03 9.83872295e+03  
1.91680000e+04  gen14perm10     1.29852506e+03  7.54166957e+03  8.22331610e+01  4.53584470e+01  8.22116126e+03  1.40509906e+04  
1.91700000e+04  gen11perm6      -8.24652840e+01 -1.40299733e+02 -6.51578000e-01 3.76286808e+02  1.88339095e+03  -1.05304505e+03 
1.91710000e+04  gen4perm2       1.08430000e-02  -2.97300000e-03 4.37000000e-04  -9.11874440e+01 5.38848821e+02  1.06794586e+02  
1.91880000e+04  gen22perm6      1.54837044e+03  -1.95941531e+03 -1.40225734e+02 -1.14470325e+04 -3.26565319e+04 -1.45885484e+05 
1.91890000e+04  gen7perm6       3.31982580e+01  6.03547837e+02  -8.73978000e-01 3.30761384e+02  -4.07776913e+02 4.19258657e+03  
1.91900000e+04  gen2perm6       8.59959500e+00  1.76090100e+00  1.35270000e-02  5.12455890e+01  7.21636740e+01  3.03514576e+02  
1.91940000e+04  gen5perm6       -2.37982920e+01 6.24130020e+01  7.40500000e-03  2.58626900e+02  3.35486839e+02  4.29682578e+02  
1.91950000e+04  gen3perm6       -3.97648360e+01 -1.84715912e+02 3.13900000e-03  -2.20594400e+01 1.48199517e+02  -4.52226247e+02 
1.91950000e+04  gen4perm6       -5.83561320e+01 -1.63250904e+02 -1.41300000e-03 7.41257620e+01  2.79820849e+02  -9.29638214e+02 
1.91980000e+04  gen2perm9       1.05562000e-01  3.64091948e+02  -1.03000000e-04 3.17501000e-01  2.01406923e+02  3.38574977e+02  
1.92400000e+04  gen16perm6      3.81633560e+01  -3.12708414e+03 -3.61737900e+00 -1.36171992e+03 -3.93055449e+03 -2.30578710e+04 
1.92540000e+04  gen17perm6      -5.90994679e+02 -5.46463668e+03 2.59284930e+01  7.14256172e+02  4.43334577e+03  -1.68091593e+04 
1.92620000e+04  gen19perm6      -2.02690548e+02 5.22170062e+03  5.37777270e+01  5.65426440e+03  1.36748083e+04  4.92151146e+04  
1.92920000e+04  gen42perm2      -4.79667040e+02 -5.53438040e+03 -4.16394282e+02 -2.99771363e+05 5.23634274e+06  -6.76454791e+05 
1.93160000e+04  gen41perm8      4.40264270e+02  -1.29942097e+05 -9.60708352e+03 -6.06565759e+02 3.05031940e+04  1.63825294e+04  
1.94700000e+04  gen40perm1      1.90253864e+03  -1.24273856e+05 -1.46317252e+04 -2.18457477e+06 -9.42257369e+05 2.88639947e+04  
1.94760000e+04  gen17perm9      6.80343600e+00  -1.87482428e+04 3.95564400e+01  1.00251850e+01  1.13677359e+04  -7.97922308e+03 
1.94890000e+04  gen14perm9      -2.47481700e+00 1.23151270e+04  -2.30987100e+00 -3.35969500e+00 -6.73082494e+03 3.51213130e+03  
1.94950000e+04  gen21perm10     2.62204603e+03  1.68947490e+04  2.53259462e+02  5.25423320e+01  1.86380295e+03  2.71099781e+04  
1.95110000e+04  gen18perm9      7.28711000e+00  -2.08853964e+04 -5.79989150e+01 1.02005430e+01  7.79788277e+03  -1.12307197e+04 
1.95260000e+04  gen19perm10     -6.40776014e+02 -1.72635882e+04 -2.34183573e+02 -8.45733120e+01 3.32941574e+03  -2.77776745e+04 
1.95290000e+04  gen42perm4      1.26562442e+04  -4.21248918e+04 1.46569911e+06  -1.96456920e+05 -1.73023123e+06 8.48436216e+03  
1.95800000e+04  gen20perm6      1.15398597e+03  1.23426494e+04  -2.40768100e+01 2.95728064e+03  1.22498633e+03  6.38729060e+04  
1.96060000e+04  gen18perm10     -3.68281006e+03 -2.01624395e+04 -2.23017259e+02 -7.86377220e+01 -6.36823707e+03 -1.84548217e+04 
1.96440000e+04  gen49perm5      -5.52697839e+02 -8.36457527e+04 2.08932292e+05  -3.86758872e+02 -1.70208830e+07 1.05655630e+06  
1.97330000e+04  gen29perm6      5.02431688e+03  -1.53313887e+04 -2.60713332e+02 -4.04773802e+04 -1.88272767e+05 -5.44702436e+05 
1.97530000e+04  gen24perm10     -1.34479991e+04 -2.18779854e+04 -1.16128945e+02 -4.95000980e+01 -3.58847092e+04 1.03751058e+04  
1.98610000e+04  gen23perm6      8.53904228e+02  -1.74723067e+04 -5.11076900e+01 -1.39655064e+04 -3.69651101e+04 -2.23496395e+05 
1.99590000e+04  gen23perm10     -5.18450237e+03 2.05850281e+04  2.11883945e+02  1.38376369e+02  -4.26063349e+04 7.66394586e+04  
1.99660000e+04  gen37perm1      -6.06664170e+02 8.67043129e+04  4.36209179e+03  8.95320168e+05  8.98784456e+05  -2.25351590e+04 
2.00050000e+04  gen24perm6      7.78102000e+01  -2.08311343e+04 1.49870256e+02  -2.72055391e+03 -1.49275511e+04 -1.25813791e+05 
2.00690000e+04  gen37perm8      -9.43326760e+01 9.62946249e+04  2.00286832e+04  -9.71320000e-02 -2.25741769e+04 -5.47180229e+03 
2.00870000e+04  gen27perm9      -8.47198480e+01 2.17565960e+04  -1.65026380e+02 -4.90224180e+01 -2.20173217e+05 1.74353194e+05  
2.01270000e+04  gen22perm10     1.29985669e+03  2.47966834e+04  4.46665782e+02  1.29001831e+02  -2.64370392e+04 8.16699769e+04  
2.06150000e+04  gen28perm10     2.47455472e+04  6.42511735e+04  8.29035103e+02  -3.05507440e+02 -9.54500839e+03 9.13148926e+03  
2.06990000e+04  gen22perm9      -1.46099330e+01 3.63948475e+04  1.53369337e+02  -2.22478460e+01 -1.33810107e+04 3.14788256e+04  
2.07120000e+04  gen21perm9      -2.25471600e+01 3.16066364e+04  3.64605730e+01  -1.62284330e+01 -2.74299359e+04 3.16431382e+04  
2.07160000e+04  gen46perm4      -4.11369836e+04 5.74779886e+04  -4.33906612e+06 -1.21118675e+06 2.39427660e+06  -2.36210944e+04 
2.08250000e+04  gen36perm1      -7.60853866e+02 9.95628504e+04  3.61579034e+03  6.20735656e+05  -5.22386925e+05 -1.83491775e+04 
2.08600000e+04  gen26perm9      -8.33880200e+00 -4.62065273e+04 -4.31941042e+02 6.80800560e+01  -8.59179595e+04 -3.30476849e+04 
2.09400000e+04  gen32perm6      -3.44884241e+03 -3.63611118e+04 2.92357888e+03  4.18444513e+04  5.72115748e+05  5.56976634e+05  
2.09420000e+04  gen48perm1      2.36725920e+03  3.59869702e+04  -6.50897016e+02 -7.72119737e+06 -3.62795120e+07 1.48860512e+05  
2.09720000e+04  gen24perm9      5.11806800e+01  -3.47717904e+04 6.83245160e+01  4.17171080e+01  8.00103158e+04  -1.05527573e+05 
2.09930000e+04  gen49perm2      -1.12543569e+03 -3.52362570e+04 3.96865775e+03  -7.56298195e+05 9.56551389e+07  -3.18941254e+06 
2.10880000e+04  gen45perm4      1.90817972e+04  6.35113424e+04  -1.97417260e+06 4.72902823e+05  2.13262723e+06  -1.60655312e+04 
2.11320000e+04  gen41perm4      -2.74111281e+04 -6.73415014e+04 1.94664890e+05  -5.44116995e+05 -3.39733211e+05 3.25062539e+03  
2.12680000e+04  gen28perm6      4.54865122e+03  4.26571386e+04  -1.13434024e+03 -1.14559117e+04 -5.82123595e+04 1.26356670e+05  
2.16690000e+04  gen27perm10     2.00571597e+04  -4.57089163e+04 -3.77351030e+02 -4.49386145e+02 4.19752553e+04  -1.11795610e+05 
2.16870000e+04  gen48perm5      3.00700515e+02  -5.44664184e+04 -2.56662745e+04 -4.75713860e+01 -1.81965900e+07 -1.23087145e+06 
2.17130000e+04  gen26perm6      -9.00223885e+02 4.48206045e+04  -1.93776490e+01 2.17629139e+04  6.74936615e+04  5.44629445e+05  
2.17450000e+04  gen47perm4      -8.15390421e+04 -6.97457276e+04 -3.84856059e+06 -2.87012996e+06 -2.14020266e+05 -1.92677194e+03 
2.22510000e+04  gen25perm9      5.36922540e+01  -5.37055500e+04 -2.19695747e+02 7.43568770e+01  5.99740229e+04  -1.21726335e+05 
2.23670000e+04  gen46perm8      -2.43759585e+02 -1.95512231e+05 -1.96784849e+04 4.06524438e+03  1.75626199e+04  3.07992173e+04  
2.26440000e+04  gen36perm6      1.23087970e+04  -5.82421207e+04 -7.75942123e+02 -1.55520950e+05 -1.14152023e+06 -3.57015080e+06 
2.32840000e+04  gen27perm6      1.64632225e+03  6.82499292e+04  -7.30802273e+02 1.82002078e+04  5.10179296e+04  6.40531790e+05  
2.34360000e+04  gen25perm10     -1.37947830e+04 -7.53025875e+04 -7.11890574e+02 -4.03843879e+02 3.40151902e+03  -6.13465434e+04 
2.34590000e+04  gen30perm10     -1.91655006e+04 7.42368458e+04  1.38960123e+03  7.48179543e+02  -1.31527696e+05 1.63127962e+05  
2.37350000e+04  gen30perm6      2.08274130e+03  -7.57259701e+04 2.25958383e+03  -4.45171530e+04 -2.33377230e+05 -1.04587686e+06 
2.38120000e+04  gen43perm8      -3.91749610e+01 2.04577784e+05  4.65802317e+04  -1.46435558e+03 -3.23777867e+04 -2.39427711e+04 
2.38250000e+04  gen26perm10     5.81006973e+03  -8.00858554e+04 -9.40883701e+02 -5.59646131e+02 3.42279593e+04  -1.10604413e+05 
2.38650000e+04  gen31perm6      -1.14947971e+03 -8.38403813e+04 3.80937260e+03  -2.04405778e+04 3.84318184e+03  -3.35924692e+05 
2.40560000e+04  gen48perm3      7.13733791e+05  -1.18032956e+05 2.31130371e+06  -7.01008661e+05 -4.14460501e+05 -6.12527895e+04 
2.45110000e+04  gen45perm8      -8.69874477e+02 2.63755630e+05  7.16880755e+03  2.91734697e+03  -4.88531898e+04 -5.38778247e+03 
2.46900000e+04  gen29perm9      -8.28854290e+01 1.04609438e+05  9.45660774e+02  -2.12581725e+02 -7.24721420e+04 4.12126897e+04  
2.48120000e+04  gen49perm3      3.86802770e+05  -1.21881353e+05 -8.42841825e+06 -1.13669919e+05 -7.75594976e+05 -2.42016681e+04 
2.50800000e+04  gen49perm8      9.83751872e+02  2.07952446e+05  -1.33826092e+04 -3.66969442e+03 8.62140155e+03  -5.06303974e+04 
2.54000000e+04  gen28perm9      -1.17867215e+02 1.04102852e+05  4.24867551e+02  -1.68190298e+02 -1.78421567e+05 3.04286990e+05  
2.61230000e+04  gen44perm8      -6.26614206e+02 3.36456138e+05  3.05746211e+04  3.27670440e+02  -6.07583844e+04 -2.89869035e+04 
2.67280000e+04  gen37perm9      1.51597499e+03  1.32304464e+05  1.75759986e+03  -9.77091467e+02 -3.53617331e+05 -4.73252076e+05 
2.73240000e+04  gen29perm10     1.56640060e+04  1.51881771e+05  1.57616896e+03  1.02644450e+02  -9.58159833e+04 1.18381032e+05  
2.75410000e+04  gen48perm4      -4.60096204e+04 -1.92567642e+05 2.56902818e+06  -2.21056249e+06 -2.57052062e+06 2.84098828e+04  
2.77900000e+04  gen49perm4      3.75176658e+04  -1.95651467e+05 1.11972789e+07  1.20942365e+06  -3.52184182e+06 4.65675446e+04  
2.78000000e+04  gen43perm1      -2.33584830e+03 3.37870034e+05  2.76704467e+04  2.02006892e+06  8.37489996e+05  -7.98360116e+04 
2.82210000e+04  gen33perm6      -1.66196285e+03 1.67693580e+05  -1.87032554e+03 7.55982804e+04  8.48853366e+05  1.39554297e+06  
2.84140000e+04  gen42perm1      -5.51893629e+02 2.30700666e+05  3.10011075e+03  -8.34755432e+05 -3.58051260e+06 -3.84828983e+04 
2.89660000e+04  gen31perm10     -4.96375713e+04 -1.92747324e+05 2.06496933e+02  9.91759538e+02  9.57877700e+03  3.58080472e+04  
2.89820000e+04  gen39perm6      -4.53518421e+04 -1.89962514e+05 1.21528236e+04  4.63583302e+05  1.95231475e+06  9.07585159e+06  
2.96830000e+04  gen35perm6      1.10144550e+04  2.17426143e+05  -7.52569056e+03 -5.29913606e+04 -1.69088102e+05 -1.19439887e+06 
2.99640000e+04  gen34perm9      -7.14820861e+02 2.22929404e+05  -3.30756768e+02 2.26946533e+02  -8.02261853e+05 5.11280028e+05  
3.00800000e+04  gen31perm9      3.25890069e+02  -2.26800179e+05 -1.04388429e+02 2.34921440e+02  4.97746817e+05  -8.56641547e+05 
3.03560000e+04  gen33perm9      -7.15881800e+01 -2.84606982e+05 -1.93447905e+03 4.46269537e+02  1.72420481e+05  4.99776745e+04  
3.11680000e+04  gen47perm8      5.88534540e+02  -8.85073646e+05 -4.41398392e+04 3.85501542e+03  8.97055234e+04  5.17439962e+04  
3.15260000e+04  gen34perm6      5.33103821e+03  2.96785857e+05  -6.24573257e+03 3.33159787e+04  6.81849237e+05  1.14011420e+06  
3.16340000e+04  gen48perm8      1.28093680e+03  -9.56644612e+05 -4.87766293e+04 -7.85593157e+02 1.04466220e+05  3.03099200e+04  
3.19520000e+04  gen45perm1      8.83847331e+02  -5.99253483e+05 -1.51024751e+03 2.68380819e+06  1.22328325e+07  -7.18850202e+03 
3.21360000e+04  gen37perm10     -1.38143860e+05 3.39454074e+05  9.33519538e+03  7.35518898e+03  -8.20484204e+05 7.78581770e+05  
3.23830000e+04  gen47perm1      8.06064852e+03  -7.07443649e+05 -4.91421387e+04 -6.38140935e+06 -2.34555348e+07 1.94044798e+05  
3.24170000e+04  gen32perm9      3.11262804e+02  -3.44725170e+05 -1.34237805e+03 4.54749601e+02  4.61270155e+05  -6.25814046e+05 
3.29550000e+04  gen49perm1      -4.52634726e+03 9.52591875e+05  8.07989471e+04  -7.57593785e+05 -1.17699155e+07 -2.00753433e+04 
3.31440000e+04  gen32perm10     -4.88670879e+04 -4.06175093e+05 -2.76805219e+03 2.51986601e+02  3.24901788e+05  -3.24607719e+05 
3.33370000e+04  gen46perm1      6.46889892e+03  -9.87800181e+05 -3.40303728e+04 -2.11243398e+06 4.03379819e+05  1.18847606e+05  
3.36560000e+04  gen33perm10     2.26794821e+04  -4.50013732e+05 -4.42950087e+03 -1.56423297e+03 4.70493906e+05  -5.46834126e+05 
3.42520000e+04  gen37perm6      -6.40190107e+03 -4.97828235e+05 7.38723295e+03  -1.45316784e+05 -1.40635447e+06 -3.94398073e+06 
3.55540000e+04  gen38perm6      -3.60870846e+04 -6.97227132e+05 1.24282826e+04  1.33883250e+05  -4.76373700e+05 1.85951732e+06  
3.59550000e+04  gen35perm9      -9.75424822e+02 7.71854810e+05  3.28596188e+03  -6.28262678e+02 -1.42879685e+06 7.16721583e+05  
3.61280000e+04  gen36perm9      -3.25620693e+02 8.52278957e+05  5.25630032e+03  -1.32847638e+03 -1.09786422e+06 4.36496601e+05  
3.66510000e+04  gen35perm10     1.02611913e+05  1.02483740e+06  -2.18323056e+03 -2.03707550e+03 -1.55827820e+05 1.34589659e+05  
3.67740000e+04  gen40perm10     3.34363549e+04  -1.00072498e+06 -1.74350185e+04 -1.41674936e+04 1.33199950e+06  -3.13678188e+06 
3.70120000e+04  gen44perm9      2.50378189e+04  1.05407909e+06  5.37020867e+03  1.34722049e+04  4.36485604e+06  -7.27613897e+06 
3.72750000e+04  gen40perm9      -3.37592330e+03 -1.22370753e+06 -8.18037076e+03 2.01119481e+03  2.44504007e+06  1.06316252e+06  
3.73260000e+04  gen40perm6      -3.59203964e+04 1.18461785e+06  -7.11825404e+03 4.74513768e+05  3.64379126e+06  1.12611644e+07  
3.73960000e+04  gen46perm6      -1.29318392e+05 -1.22535159e+06 4.05081168e+04  1.89114785e+06  2.10560286e+07  2.74042108e+07  
3.74960000e+04  gen38perm9      2.58961324e+03  -1.30856699e+06 -5.51943198e+03 1.00058527e+03  1.74046374e+06  -1.20700391e+06 
3.75200000e+04  gen42perm6      3.38099654e+04  1.30007206e+06  -3.62044063e+04 -5.27998516e+05 -4.30166969e+06 -1.40073864e+07 
3.78610000e+04  gen36perm10     8.17973348e+04  1.55669680e+06  4.20576007e+03  2.50761356e+03  -6.69453716e+05 7.18875930e+05  
3.81670000e+04  gen38perm10     -3.61332979e+05 -2.02714412e+06 7.23090609e+03  7.38239747e+03  -3.17556875e+05 -4.41047218e+05 
3.81940000e+04  gen39perm9      1.43414699e+03  -2.09178662e+06 -1.08214191e+04 2.98814737e+03  3.27166622e+06  -6.44151507e+05 
3.82600000e+04  gen41perm6      -3.79859823e+03 2.10827320e+06  -3.14144633e+04 -1.66667141e+04 2.04151321e+06  2.21918339e+06  
3.83100000e+04  gen43perm6      5.73126336e+04  -1.87728048e+06 -1.81507908e+04 -7.75606361e+05 -1.03362673e+07 -2.50730486e+07 
3.86570000e+04  gen48perm6      1.02907215e+05  6.21914266e+06  -7.09610735e+04 -1.17346447e+06 1.23975410e+06  1.16508033e+06  
3.87250000e+04  gen41perm10     8.10930833e+05  2.76428573e+06  -2.55309365e+04 -1.62736185e+04 1.66454714e+06  -2.52847039e+06 
3.88100000e+04  gen41perm9      -8.50642528e+03 2.57816592e+06  -5.92944180e+01 -4.01040643e+03 -2.27408240e+06 2.47969965e+06  
3.89050000e+04  gen49perm6      3.05911289e+05  2.87404427e+06  -7.89127871e+04 -3.08587951e+06 -3.57745532e+07 -3.17363184e+07 
3.89760000e+04  gen47perm6      -7.19559503e+04 2.96041643e+06  -1.16339576e+04 1.49935310e+06  2.73039908e+07  2.72338775e+07  
3.91800000e+04  gen39perm10     -3.48044453e+05 -3.55928865e+06 -4.89637696e+02 -2.98115481e+03 4.55322941e+05  -2.56351623e+06 
3.92080000e+04  gen43perm10     1.02487148e+06  3.94275715e+06  3.78809801e+04  1.57029571e+04  -2.12578812e+06 9.09903066e+06  
3.93680000e+04  gen45perm6      -6.35642532e+04 -4.81240797e+06 4.19158048e+04  9.88716452e+05  2.70153046e+06  9.42928451e+06  
3.94010000e+04  gen42perm9      -6.39772446e+03 5.52509981e+06  1.12856293e+04  -1.04663921e+04 -4.92148364e+06 1.40069517e+06  
3.94550000e+04  gen44perm6      2.06923005e+04  -4.94698078e+06 1.14713329e+04  -3.39902398e+05 -9.58133289e+06 -1.75060215e+07 
3.94700000e+04  gen44perm10     7.88074821e+04  -5.86580292e+06 5.32999212e+04  3.74586262e+04  -4.04922515e+06 8.24357051e+06  
3.95040000e+04  gen43perm9      1.16155248e+04  6.01063852e+06  1.72289734e+04  -5.81004770e+03 -2.63637547e+06 -3.25593527e+06 
3.95510000e+04  gen42perm10     1.20400400e+06  5.69754620e+06  2.26787160e+03  -5.49869430e+03 5.22404935e+05  3.13589733e+06  
3.97310000e+04  gen47perm10     -2.13124374e+06 8.22513409e+06  -6.51171541e+04 -9.28654576e+04 1.18054232e+07  -3.66854648e+07 
3.98190000e+04  gen45perm9      2.32862850e+04  -1.07574597e+07 -2.06239803e+04 3.36087464e+04  1.17894843e+07  -7.26880801e+06 
3.98350000e+04  gen48perm10     -3.72095142e+04 5.04904750e+07  -7.89593371e+04 -1.27725202e+05 1.23341010e+07  4.26354789e+06  
3.98700000e+04  gen46perm9      -3.63689237e+03 -1.75151600e+07 -3.97457562e+04 3.29922374e+04  1.04772054e+07  5.22810174e+06  
3.99160000e+04  gen45perm10     -1.72423819e+06 -1.51328626e+07 3.02990825e+04  3.44488942e+04  -2.90552571e+06 -9.68055180e+06 
3.99320000e+04  gen47perm9      -3.36258112e+04 -1.44910165e+07 -2.64917435e+04 -2.21094081e+04 -8.80615245e+06 1.72473826e+07  
3.99570000e+04  gen48perm9      -4.73909258e+04 1.55524408e+07  1.79366073e+04  -8.71840408e+04 -2.51572637e+07 1.63231191e+07  
3.99660000e+04  gen49perm9      -2.25988386e+04 3.99679967e+07  8.55243255e+04  -1.16439748e+05 -2.16105371e+07 9.19496079e+06  
3.99850000e+04  gen46perm10     -2.78757573e+06 -1.67393259e+07 -1.67818645e+04 -1.91362479e+04 3.35896988e+06  -3.30713597e+07 
4.01490000e+04  gen49perm10     3.12533014e+06  6.17014537e+07  -2.97008237e+04 -8.29457326e+04 1.09280651e+07  4.99538652e+07  
