Fit             Iteration       K2RT            KD1             kdephos         km1             km2             kphos           
6.45106412e+03  gen10perm7      1.06664000e-01  5.46433830e+01  1.66180000e-02  1.83400000e-03  5.48541282e+02  5.62632000e-01  
6.82523589e+03  gen10perm6      1.18336000e-01  5.46433830e+01  1.95320000e-02  1.77900000e-03  5.08163858e+02  6.01761000e-01  
6.94711620e+03  gen10perm1      1.05493000e-01  5.46433830e+01  1.66180000e-02  1.83400000e-03  5.08163858e+02  6.01761000e-01  
7.02264987e+03  gen9perm7       1.06664000e-01  6.00193900e+01  1.66180000e-02  1.83400000e-03  5.08163858e+02  6.01761000e-01  
7.02264987e+03  gen10perm8      1.06664000e-01  6.00193900e+01  1.66180000e-02  1.83400000e-03  5.08163858e+02  6.01761000e-01  
7.02467216e+03  gen10perm3      1.06664000e-01  6.00193900e+01  1.66180000e-02  1.89200000e-03  5.08163858e+02  6.01761000e-01  
7.02899422e+03  gen9perm4       1.06664000e-01  5.46433830e+01  1.66180000e-02  1.83400000e-03  5.08163858e+02  6.01761000e-01  
7.02947732e+03  gen10perm9      1.06664000e-01  5.42335160e+01  1.66180000e-02  1.83400000e-03  5.08163858e+02  6.01761000e-01  
7.03404495e+03  gen10perm5      1.06664000e-01  5.46433830e+01  1.66180000e-02  2.00300000e-03  5.08163858e+02  6.01761000e-01  
7.09349228e+03  gen9perm10      1.02822000e-01  5.46433830e+01  1.66180000e-02  1.86200000e-03  5.31605569e+02  6.25808000e-01  
7.13029469e+03  gen10perm10     1.06664000e-01  5.63106850e+01  1.72810000e-02  1.83400000e-03  5.08163858e+02  6.25808000e-01  
7.28423498e+03  gen10perm2      1.10455000e-01  6.00193900e+01  1.66180000e-02  1.95300000e-03  5.08163858e+02  6.01761000e-01  
7.35147029e+03  gen9perm1       1.18336000e-01  5.46433830e+01  1.78800000e-02  1.77900000e-03  5.08163858e+02  6.01761000e-01  
7.36333790e+03  gen8perm3       1.06664000e-01  5.46433830e+01  1.66180000e-02  1.83400000e-03  5.08163858e+02  6.25808000e-01  
7.40918037e+03  gen10perm4      1.07333000e-01  5.47975040e+01  1.66180000e-02  1.83400000e-03  5.12669525e+02  6.25808000e-01  
7.57105931e+03  gen9perm9       1.18336000e-01  5.46433830e+01  1.72360000e-02  1.83400000e-03  5.08163858e+02  6.01761000e-01  
7.76609842e+03  gen9perm6       1.06664000e-01  5.46433830e+01  1.66180000e-02  1.86200000e-03  5.31605569e+02  6.56259000e-01  
7.78135584e+03  gen8perm8       1.18336000e-01  6.00193900e+01  1.66180000e-02  1.83400000e-03  5.31605569e+02  6.01761000e-01  
7.78721909e+03  gen6perm3       1.18336000e-01  5.46433830e+01  1.66180000e-02  1.83400000e-03  5.08163858e+02  6.01761000e-01  
7.78721909e+03  gen7perm2       1.18336000e-01  5.46433830e+01  1.66180000e-02  1.83400000e-03  5.08163858e+02  6.01761000e-01  
7.78721909e+03  gen8perm1       1.18336000e-01  5.46433830e+01  1.66180000e-02  1.83400000e-03  5.08163858e+02  6.01761000e-01  
7.78760111e+03  gen6perm7       1.18336000e-01  5.46433830e+01  1.66180000e-02  1.83400000e-03  5.31605569e+02  6.01761000e-01  
7.78811889e+03  gen7perm10      1.18336000e-01  5.46433830e+01  1.66180000e-02  1.83400000e-03  5.67063291e+02  6.01761000e-01  
7.78848832e+03  gen8perm9       1.18336000e-01  5.46433830e+01  1.66180000e-02  1.86200000e-03  5.31605569e+02  6.01761000e-01  
7.78879862e+03  gen9perm2       1.18336000e-01  5.46433830e+01  1.66180000e-02  1.87200000e-03  5.31605569e+02  6.01761000e-01  
7.83194070e+03  gen6perm6       1.18336000e-01  5.46433830e+01  1.66180000e-02  1.48320000e-01  2.02856011e+02  6.01761000e-01  
7.83194070e+03  gen7perm6       1.18336000e-01  5.46433830e+01  1.66180000e-02  1.48320000e-01  2.02856011e+02  6.01761000e-01  
7.83304578e+03  gen7perm3       1.18336000e-01  5.13630060e+01  1.66180000e-02  1.48320000e-01  2.10812949e+02  6.01761000e-01  
7.83304578e+03  gen8perm5       1.18336000e-01  5.13630060e+01  1.66180000e-02  1.48320000e-01  2.10812949e+02  6.01761000e-01  
7.83363886e+03  gen7perm1       1.18336000e-01  5.46433830e+01  1.66180000e-02  1.48320000e-01  2.20267440e+02  6.01761000e-01  
7.83363886e+03  gen8perm2       1.18336000e-01  5.46433830e+01  1.66180000e-02  1.48320000e-01  2.20267440e+02  6.01761000e-01  
7.83363886e+03  gen8perm7       1.18336000e-01  5.46433830e+01  1.66180000e-02  1.48320000e-01  2.20267440e+02  6.01761000e-01  
7.86753165e+03  gen8perm10      1.19686000e-01  5.46433830e+01  1.66180000e-02  1.80300000e-03  5.08163858e+02  6.01761000e-01  
7.86892440e+03  gen7perm5       1.19686000e-01  5.46433830e+01  1.66180000e-02  1.83400000e-03  5.31605569e+02  6.01761000e-01  
7.98902526e+03  gen7perm7       1.21779000e-01  5.46433830e+01  1.66180000e-02  1.74000000e-03  5.08163858e+02  6.01761000e-01  
8.07237155e+03  gen8perm4       1.11150000e-01  5.46433830e+01  1.66180000e-02  1.83400000e-03  5.67063291e+02  6.56984000e-01  
8.08106508e+03  gen5perm9       1.30787000e-01  5.46433830e+01  1.66180000e-02  1.74000000e-03  5.08163858e+02  5.72704000e-01  
8.11419538e+03  gen9perm5       1.18336000e-01  5.69720100e+01  1.66180000e-02  1.89700000e-03  5.29596525e+02  6.25808000e-01  
8.11488057e+03  gen9perm8       1.18336000e-01  5.46433830e+01  1.66180000e-02  1.83400000e-03  5.31605569e+02  6.25808000e-01  
8.17054996e+03  gen5perm1       1.18336000e-01  5.46433830e+01  1.56900000e-02  1.48320000e-01  2.02856011e+02  6.01761000e-01  
8.18405911e+03  gen6perm9       1.18336000e-01  5.13630060e+01  1.56900000e-02  1.48320000e-01  5.31605569e+02  6.01761000e-01  
8.20786732e+03  gen8perm6       1.18336000e-01  5.32957910e+01  1.66180000e-02  1.48320000e-01  2.02856011e+02  6.29555000e-01  
8.24917179e+03  gen7perm4       1.19427000e-01  5.46433830e+01  1.56900000e-02  1.48320000e-01  5.27429545e+02  6.01761000e-01  
8.43147789e+03  gen9perm3       1.23787000e-01  5.46433830e+01  1.66180000e-02  1.83400000e-03  5.08163858e+02  6.25808000e-01  
8.44992236e+03  gen6perm1       1.30787000e-01  5.82856890e+01  1.67180000e-02  1.74000000e-03  5.08163858e+02  6.01761000e-01  
8.45425415e+03  gen4perm2       1.30787000e-01  5.46433830e+01  1.67180000e-02  1.74000000e-03  5.08163858e+02  6.01761000e-01  
8.45425415e+03  gen7perm9       1.30787000e-01  5.46433830e+01  1.67180000e-02  1.74000000e-03  5.08163858e+02  6.01761000e-01  
8.48004470e+03  gen6perm10      1.30787000e-01  5.46433830e+01  1.66180000e-02  1.83400000e-03  2.02856011e+02  6.01761000e-01  
8.49237643e+03  gen5perm2       1.29661000e-01  1.57431770e+01  1.66180000e-02  1.42323000e-01  5.16686533e+02  6.01761000e-01  
8.49256378e+03  gen3perm6       1.30787000e-01  5.46433830e+01  1.66180000e-02  1.83400000e-03  5.08163858e+02  6.01761000e-01  
8.49293085e+03  gen2perm3       1.30787000e-01  5.46433830e+01  1.66180000e-02  1.83400000e-03  5.31605569e+02  6.01761000e-01  
8.49293085e+03  gen3perm2       1.30787000e-01  5.46433830e+01  1.66180000e-02  1.83400000e-03  5.31605569e+02  6.01761000e-01  
8.51359088e+03  gen5perm10      1.30787000e-01  4.92683570e+01  1.67180000e-02  1.42323000e-01  4.95939629e+02  6.01761000e-01  
8.53614588e+03  gen4perm8       1.30787000e-01  5.46433830e+01  1.66180000e-02  1.42323000e-01  2.02856011e+02  6.01761000e-01  
8.53614588e+03  gen5perm3       1.30787000e-01  5.46433830e+01  1.66180000e-02  1.42323000e-01  2.02856011e+02  6.01761000e-01  
8.54415893e+03  gen5perm7       1.30787000e-01  5.46433830e+01  1.66180000e-02  1.94200000e-02  5.31605569e+02  6.01761000e-01  
8.54418548e+03  gen3perm3       1.30787000e-01  5.44897450e+01  1.66180000e-02  1.94200000e-02  5.31605569e+02  6.01761000e-01  
8.54418548e+03  gen4perm9       1.30787000e-01  5.44897450e+01  1.66180000e-02  1.94200000e-02  5.31605569e+02  6.01761000e-01  
8.54418548e+03  gen5perm4       1.30787000e-01  5.44897450e+01  1.66180000e-02  1.94200000e-02  5.31605569e+02  6.01761000e-01  
8.54432524e+03  gen5perm5       1.30787000e-01  5.44897450e+01  1.66180000e-02  1.94200000e-02  5.41184185e+02  6.01761000e-01  
8.54829320e+03  gen4perm6       1.30787000e-01  5.46433830e+01  1.66180000e-02  1.42323000e-01  4.95939629e+02  6.01761000e-01  
8.55228552e+03  gen4perm3       1.30787000e-01  1.57431770e+01  1.66180000e-02  1.42323000e-01  5.31605569e+02  6.01761000e-01  
8.57535928e+03  gen6perm2       1.30787000e-01  5.46433830e+01  1.66180000e-02  1.74000000e-03  5.08163858e+02  6.08127000e-01  
8.57600362e+03  gen7perm8       1.30787000e-01  5.46433830e+01  1.59300000e-02  1.48320000e-01  2.02856011e+02  5.86647000e-01  
8.65586728e+03  gen4perm10      1.33924000e-01  5.46433830e+01  1.66180000e-02  1.83400000e-03  5.31605569e+02  6.01761000e-01  
8.70388963e+03  gen5perm8       1.35630000e-01  5.44897450e+01  1.67180000e-02  1.74000000e-03  5.08163858e+02  6.01761000e-01  
8.73794094e+03  gen5perm6       1.30078000e-01  5.46433830e+01  1.66180000e-02  1.42323000e-01  2.02856011e+02  6.19759000e-01  
8.82795898e+03  gen6perm5       1.30787000e-01  5.46433830e+01  1.56900000e-02  1.83400000e-03  5.08163858e+02  6.01761000e-01  
8.91365661e+03  gen6perm4       1.30787000e-01  5.46433830e+01  1.55760000e-02  1.48167000e-01  2.02856011e+02  6.01761000e-01  
8.96471451e+03  gen1perm9       1.74500000e-02  1.57431770e+01  1.66180000e-02  1.42323000e-01  2.02856011e+02  6.01761000e-01  
8.96640533e+03  gen3perm5       1.74500000e-02  1.57431770e+01  1.66180000e-02  1.42323000e-01  1.86148060e+02  6.01761000e-01  
8.96640533e+03  gen4perm1       1.74500000e-02  1.57431770e+01  1.66180000e-02  1.42323000e-01  1.86148060e+02  6.01761000e-01  
8.96712384e+03  gen4perm7       1.74500000e-02  1.57431770e+01  1.66180000e-02  1.83400000e-03  5.08163858e+02  6.01761000e-01  
8.97844980e+03  gen4perm5       1.74500000e-02  1.57431770e+01  1.66180000e-02  1.83400000e-03  2.02856011e+02  6.01761000e-01  
9.01997517e+03  gen4perm4       1.74500000e-02  5.81148150e+01  1.66180000e-02  1.83400000e-03  2.02856011e+02  6.01761000e-01  
9.25623928e+03  gen6perm8       1.30787000e-01  5.46433830e+01  1.56900000e-02  1.48320000e-01  2.02856011e+02  6.31423000e-01  
1.19649863e+04  gen3perm9       2.33496900e+00  2.23820000e-02  1.40370000e-02  1.42323000e-01  5.13150000e-02  7.39100000e-03  
1.25100378e+04  gen2perm1       2.33496900e+00  2.23820000e-02  1.64670000e-02  1.42323000e-01  5.13150000e-02  7.39100000e-03  
1.35372638e+04  gen2perm5       8.34497000e-01  1.57431770e+01  1.66180000e-02  1.94200000e-02  1.15200000e-03  1.22718900e+00  
1.37315129e+04  gen3perm4       8.34497000e-01  1.57431770e+01  1.66180000e-02  1.83400000e-03  1.06100000e-03  1.22718900e+00  
1.37326625e+04  gen2perm7       1.39935000e-01  5.46433830e+01  1.66180000e-02  1.83400000e-03  5.31605569e+02  3.08760000e-02  
1.53134013e+04  gen3perm10      3.15316905e+02  6.36600000e-03  1.64670000e-02  3.63480000e-02  1.93060000e-02  1.44866000e-01  
1.56301357e+04  gen2perm2       1.74500000e-02  1.57431770e+01  2.28324000e-01  4.60925000e-01  2.02856011e+02  6.01761000e-01  
1.57627538e+04  gen3perm1       3.15316905e+02  6.36600000e-03  1.33340000e-02  3.63480000e-02  1.93060000e-02  1.33678000e-01  
1.58494728e+04  gen1perm4       3.15316905e+02  6.36600000e-03  1.40370000e-02  3.63480000e-02  1.93060000e-02  1.44866000e-01  
1.61283149e+04  gen1perm7       8.34497000e-01  1.61385487e+02  3.59374400e+00  1.94200000e-02  1.15200000e-03  1.22718900e+00  
1.64421298e+04  gen1perm3       2.33496900e+00  2.23820000e-02  2.28324000e-01  4.60925000e-01  5.13150000e-02  7.39100000e-03  
1.67615440e+04  gen1perm10      2.48235800e+00  4.62998400e+00  1.08295000e+00  1.19640000e-02  7.94543440e+01  1.26130000e-02  
1.68807256e+04  gen2perm6       1.74500000e-02  1.61385487e+02  3.59374400e+00  1.42323000e-01  2.02856011e+02  6.01761000e-01  
1.69074121e+04  gen3perm8       1.90100000e-02  1.57431770e+01  2.12371000e-01  4.60925000e-01  1.15200000e-03  6.01761000e-01  
1.69479015e+04  gen1perm6       6.49600000e-03  5.95800020e+02  6.28583940e+01  2.61852000e-01  3.24200000e-03  6.82037160e+01  
1.69571018e+04  gen2perm10      1.74500000e-02  2.23820000e-02  2.28324000e-01  1.42323000e-01  5.13150000e-02  7.39100000e-03  
1.69597318e+04  gen1perm1       1.09932551e+02  2.32433000e-01  4.99568850e+01  6.17504610e+01  2.95042208e+02  1.53220000e-02  
1.69685871e+04  gen2perm8       1.64460000e-02  1.66975570e+01  2.72242058e+02  1.42323000e-01  2.02856011e+02  6.01761000e-01  
1.69695563e+04  gen1perm5       4.45120000e-02  1.90000000e-03  9.04755740e+02  3.02100000e-03  7.69400000e-03  3.00500000e-03  
1.69696421e+04  gen2perm4       1.74500000e-02  1.48192820e+01  2.72242058e+02  1.45813000e-01  2.02856011e+02  3.08760000e-02  
1.69697147e+04  gen1perm8       1.30787000e-01  5.46433830e+01  2.72242058e+02  1.83400000e-03  5.31605569e+02  3.08760000e-02  
1.72440437e+04  gen2perm9       2.33496900e+00  1.57431770e+01  1.66180000e-02  4.60925000e-01  1.87776863e+02  6.01761000e-01  
1.76340015e+04  gen3perm7       8.34497000e-01  1.57431770e+01  1.66180000e-02  1.86410000e-02  2.02856011e+02  1.22718900e+00  
1.87619126e+04  gen1perm2       1.60641670e+01  7.21203950e+01  3.41000000e-03  5.35600000e-03  1.22982000e-01  3.40230000e-01  
