Fit             Iteration       K2RT            KD1             kdephos         km1             km2             kphos           
8.44149518e+03  gen1perm9       2.65660000e-02  7.05740000e-02  1.05320920e+01  2.80077280e+01  2.38580000e-02  4.25657191e+02  
1.03203186e+04  gen10perm2      1.11442000e-01  7.05740000e-02  7.86881000e+00  2.80077280e+01  9.92178600e+00  3.98454403e+02  
1.05276104e+04  gen9perm3       1.11442000e-01  7.05740000e-02  8.40301300e+00  2.80077280e+01  9.92178600e+00  3.98454403e+02  
1.05276104e+04  gen10perm5      1.11442000e-01  7.05740000e-02  8.40301300e+00  2.80077280e+01  9.92178600e+00  3.98454403e+02  
1.05757809e+04  gen9perm2       1.21394000e-01  7.62580000e-02  9.33046600e+00  2.80077280e+01  9.25948400e+00  4.35355257e+02  
1.05814279e+04  gen7perm4       1.21394000e-01  7.68710000e-02  9.33046600e+00  2.80077280e+01  9.25948400e+00  4.25657191e+02  
1.07528708e+04  gen8perm8       1.11442000e-01  7.41850000e-02  8.40301300e+00  2.80077280e+01  9.13571400e+00  3.98454403e+02  
1.07528708e+04  gen9perm1       1.11442000e-01  7.41850000e-02  8.40301300e+00  2.80077280e+01  9.13571400e+00  3.98454403e+02  
1.09113887e+04  gen9perm5       1.21394000e-01  7.68710000e-02  1.05320920e+01  2.80077280e+01  9.25948400e+00  4.25657191e+02  
1.09156273e+04  gen10perm9      1.21394000e-01  7.70140000e-02  1.05320920e+01  2.80077280e+01  9.25948400e+00  4.18753002e+02  
1.09792546e+04  gen8perm3       1.11442000e-01  7.68710000e-02  9.16287200e+00  2.80077280e+01  9.13571400e+00  4.25657191e+02  
1.10279699e+04  gen8perm5       1.11442000e-01  7.05740000e-02  9.33046600e+00  2.80077280e+01  9.13571400e+00  4.25657191e+02  
1.10279705e+04  gen6perm1       1.11442000e-01  7.68710000e-02  9.33046600e+00  2.80077280e+01  9.13571400e+00  4.25657191e+02  
1.10531396e+04  gen9perm7       1.11500000e-01  7.33540000e-02  1.00000810e+01  5.12190000e-02  9.74782500e+00  4.25657191e+02  
1.11915528e+04  gen7perm3       1.11500000e-01  7.41850000e-02  9.78226800e+00  4.90210000e-02  8.97164800e+00  4.25657191e+02  
1.11915528e+04  gen8perm9       1.11500000e-01  7.41850000e-02  9.78226800e+00  5.28350000e-02  8.97164800e+00  4.25657191e+02  
1.11915530e+04  gen8perm7       1.11500000e-01  7.68710000e-02  9.78226800e+00  4.90210000e-02  8.97164800e+00  4.25657191e+02  
1.12187938e+04  gen5perm7       1.06952000e-01  7.68710000e-02  9.33046600e+00  4.90210000e-02  9.13571400e+00  4.25657191e+02  
1.12187938e+04  gen7perm7       1.06952000e-01  7.68710000e-02  9.33046600e+00  4.66420000e-02  9.13571400e+00  4.25657191e+02  
1.12187938e+04  gen7perm9       1.06952000e-01  7.68710000e-02  9.33046600e+00  4.90210000e-02  9.13571400e+00  4.25657191e+02  
1.12411241e+04  gen6perm6       1.06952000e-01  7.68710000e-02  9.33046600e+00  4.92050000e-02  9.13571400e+00  3.87583741e+02  
1.12835927e+04  gen8perm4       1.06952000e-01  7.68710000e-02  9.42522700e+00  4.66420000e-02  8.98554000e+00  4.25657191e+02  
1.13527217e+04  gen7perm1       1.11442000e-01  7.55930000e-02  1.05320920e+01  2.84505140e+01  9.13571400e+00  3.98636750e+02  
1.13802447e+04  gen4perm1       1.06952000e-01  7.05740000e-02  9.78226800e+00  4.90210000e-02  8.97164800e+00  4.25657191e+02  
1.13802447e+04  gen5perm6       1.06952000e-01  7.05740000e-02  9.78226800e+00  4.90210000e-02  8.97164800e+00  4.25657191e+02  
1.13802453e+04  gen6perm5       1.06952000e-01  7.64620000e-02  9.78226800e+00  4.94740000e-02  8.97164800e+00  4.25657191e+02  
1.14023643e+04  gen5perm1       1.06952000e-01  7.64620000e-02  9.78226800e+00  4.90210000e-02  8.97164800e+00  3.87583741e+02  
1.14731535e+04  gen3perm6       1.09026000e-01  7.05740000e-02  1.05320920e+01  4.90440000e-02  8.97164800e+00  4.25657191e+02  
1.15155661e+04  gen7perm10      1.07978000e-01  7.05740000e-02  1.05320920e+01  4.90440000e-02  8.97164800e+00  4.25657191e+02  
1.15189234e+04  gen6perm3       1.06952000e-01  7.68710000e-02  1.05320920e+01  4.90210000e-02  9.13571400e+00  4.25657191e+02  
1.15423820e+04  gen6perm9       1.06952000e-01  7.05740000e-02  9.78226800e+00  4.80180000e-02  8.32724400e+00  4.25657191e+02  
1.17463131e+04  gen4perm5       1.02345000e-01  3.37090000e-02  1.05320920e+01  4.54290000e-02  8.97164800e+00  4.25657191e+02  
1.24663271e+04  gen6perm7       1.14414000e-01  3.60640000e-02  1.56317600e+01  5.36570000e-02  9.23155400e+00  1.54828140e+02  
1.25667731e+04  gen3perm10      1.14414000e-01  3.60640000e-02  1.56317600e+01  4.90440000e-02  8.52858100e+00  1.54828140e+02  
1.25667731e+04  gen5perm4       1.14414000e-01  3.60640000e-02  1.56317600e+01  4.90440000e-02  8.52858100e+00  1.54828140e+02  
1.26403627e+04  gen4perm3       1.14414000e-01  3.60640000e-02  1.57305180e+01  4.90440000e-02  8.46460100e+00  1.41746274e+02  
1.26706989e+04  gen2perm8       1.09026000e-01  3.60640000e-02  1.56317600e+01  4.90440000e-02  9.17729400e+00  1.48805212e+02  
1.26706989e+04  gen3perm7       1.09026000e-01  3.60640000e-02  1.56317600e+01  4.90440000e-02  9.17729400e+00  1.48805212e+02  
1.26706989e+04  gen3perm9       1.09026000e-01  3.60640000e-02  1.56317600e+01  4.90440000e-02  9.17729400e+00  1.48805212e+02  
1.26707015e+04  gen4perm6       1.09026000e-01  7.05740000e-02  1.56317600e+01  4.90440000e-02  9.17729400e+00  1.48805212e+02  
1.27813467e+04  gen3perm1       1.09026000e-01  3.83660000e-02  1.66176110e+01  2.80077280e+01  9.17729400e+00  1.48805212e+02  
1.48993526e+04  gen5perm10      1.14414000e-01  3.60640000e-02  1.05320920e+01  4.90440000e-02  2.38580000e-02  4.25657191e+02  
1.48993530e+04  gen4perm7       1.14414000e-01  7.31950000e-02  1.05320920e+01  2.80077280e+01  2.38580000e-02  4.25657191e+02  
1.49026526e+04  gen4perm9       1.14414000e-01  7.31950000e-02  1.05320920e+01  2.94397740e+01  2.38580000e-02  3.99312013e+02  
1.49247339e+04  gen2perm3       1.14414000e-01  7.31950000e-02  1.56317600e+01  2.94397740e+01  2.38580000e-02  4.25657191e+02  
1.49441530e+04  gen7perm6       1.11442000e-01  6.48870000e-02  9.73099700e+00  2.80077280e+01  2.38580000e-02  4.25657191e+02  
1.49482406e+04  gen10perm3      1.11442000e-01  7.05740000e-02  1.05320920e+01  2.80077280e+01  2.38580000e-02  4.25657191e+02  
1.49482406e+04  gen10perm8      1.11442000e-01  7.05740000e-02  1.05320920e+01  2.80077280e+01  2.38580000e-02  4.25657191e+02  
1.49515743e+04  gen9perm10      1.11442000e-01  7.05740000e-02  1.05320920e+01  2.79497510e+01  2.38580000e-02  3.98454403e+02  
1.49565439e+04  gen2perm1       1.14414000e-01  7.54570000e-02  1.05320920e+01  2.80077280e+01  2.20570000e-02  4.21074725e+02  
1.50225585e+04  gen8perm2       1.06952000e-01  7.43100000e-02  1.05320920e+01  2.85917440e+01  2.38580000e-02  4.25657191e+02  
1.51238365e+04  gen10perm4      2.65660000e-02  6.87080000e-02  8.40301300e+00  2.80077280e+01  9.92178600e+00  3.98454403e+02  
1.51238366e+04  gen10perm7      2.65660000e-02  7.05740000e-02  8.40301300e+00  2.80077280e+01  9.92178600e+00  3.98454403e+02  
1.51336377e+04  gen3perm4       1.09026000e-01  3.60640000e-02  1.56317600e+01  2.80077280e+01  2.38580000e-02  1.48805212e+02  
1.51921050e+04  gen9perm9       2.65660000e-02  7.70390000e-02  8.40301300e+00  2.80077280e+01  9.13571400e+00  4.25657191e+02  
1.52345326e+04  gen8perm1       2.65660000e-02  7.68710000e-02  8.80556500e+00  4.66420000e-02  9.13571400e+00  4.25657191e+02  
1.52845876e+04  gen7perm5       2.65660000e-02  7.68710000e-02  9.33046600e+00  2.80077280e+01  9.13571400e+00  4.25657191e+02  
1.53731994e+04  gen3perm3       2.65660000e-02  7.05740000e-02  1.05320920e+01  4.90440000e-02  9.17729400e+00  4.57225442e+02  
1.55083513e+04  gen2perm4       2.65660000e-02  3.60640000e-02  1.05320920e+01  4.90440000e-02  9.17729400e+00  1.40644520e+02  
1.57349437e+04  gen2perm2       2.65660000e-02  3.60640000e-02  1.56317600e+01  4.90440000e-02  9.17729400e+00  1.67266987e+02  
1.57956237e+04  gen5perm9       2.65660000e-02  7.05740000e-02  1.57372670e+01  2.80077280e+01  8.46460100e+00  1.41746274e+02  
1.58312161e+04  gen1perm4       1.14414000e-01  3.60640000e-02  1.56317600e+01  4.90440000e-02  9.17729400e+00  1.54828140e+02  
1.60989848e+04  gen1perm7       3.70020000e-02  1.52118000e-01  3.60197400e+01  1.64300000e-03  2.71900000e-03  1.22830000e-02  
1.64213712e+04  gen4perm10      2.87170000e-02  7.05740000e-02  1.56317600e+01  2.80077280e+01  2.38580000e-02  4.25657191e+02  
1.64393307e+04  gen1perm3       1.87119188e+02  2.57432400e+00  1.34185100e+00  1.74290000e-02  1.63174367e+02  4.19562720e+01  
1.64525591e+04  gen10perm10     2.67230000e-02  7.05740000e-02  1.05320920e+01  2.80077280e+01  2.38580000e-02  4.25657191e+02  
1.64529918e+04  gen9perm6       2.65660000e-02  7.05740000e-02  9.33046600e+00  2.80077280e+01  2.38580000e-02  4.66285359e+02  
1.64539741e+04  gen6perm4       2.65660000e-02  7.05740000e-02  9.33046600e+00  2.80077280e+01  2.38580000e-02  4.25657191e+02  
1.64539741e+04  gen7perm2       2.65660000e-02  7.05740000e-02  9.33046600e+00  2.80077280e+01  2.38580000e-02  4.25657191e+02  
1.64542078e+04  gen6perm2       2.65660000e-02  7.05740000e-02  9.50472700e+00  4.90210000e-02  2.38580000e-02  4.25657191e+02  
1.64546158e+04  gen8perm6       2.65660000e-02  7.68710000e-02  9.81121900e+00  2.80077280e+01  2.38580000e-02  4.25657191e+02  
1.64555639e+04  gen5perm5       2.65660000e-02  6.40850000e-02  1.05320920e+01  2.61676200e+01  2.38580000e-02  4.25657191e+02  
1.64555639e+04  gen8perm10      2.65660000e-02  7.05740000e-02  1.05320920e+01  2.61197130e+01  2.38580000e-02  4.25657191e+02  
1.64555640e+04  gen4perm2       2.65660000e-02  7.05740000e-02  1.05320920e+01  2.92060110e+01  2.38580000e-02  4.25657191e+02  
1.64555640e+04  gen2perm10      2.65660000e-02  7.05740000e-02  1.05320920e+01  2.80077280e+01  2.38580000e-02  4.25657191e+02  
1.64555640e+04  gen3perm8       2.65660000e-02  7.05740000e-02  1.05320920e+01  2.80077280e+01  2.38580000e-02  4.25657191e+02  
1.64555640e+04  gen7perm8       2.65660000e-02  7.05740000e-02  1.05320920e+01  2.80077280e+01  2.38580000e-02  4.25657191e+02  
1.64555640e+04  gen9perm8       2.65660000e-02  7.05740000e-02  1.05320920e+01  2.80077280e+01  2.38580000e-02  4.25657191e+02  
1.64555640e+04  gen10perm1      2.65660000e-02  7.05740000e-02  1.05320920e+01  2.80077280e+01  2.38580000e-02  4.25657191e+02  
1.64555640e+04  gen10perm6      2.65660000e-02  7.05740000e-02  1.05320920e+01  2.80077280e+01  2.38580000e-02  4.25657191e+02  
1.64559776e+04  gen9perm4       2.65660000e-02  7.41850000e-02  1.08500320e+01  2.80077280e+01  2.38580000e-02  4.25657191e+02  
1.64562418e+04  gen5perm2       2.65660000e-02  6.99410000e-02  1.10542030e+01  2.72152800e+01  2.38580000e-02  4.25657191e+02  
1.64567965e+04  gen6perm8       2.65660000e-02  7.05740000e-02  1.05320920e+01  2.80077280e+01  2.38580000e-02  3.87706985e+02  
1.64575406e+04  gen5perm8       2.65660000e-02  7.05740000e-02  1.05320920e+01  2.80077280e+01  2.34960000e-02  4.65899326e+02  
1.64619600e+04  gen4perm8       2.65660000e-02  7.05740000e-02  1.56317600e+01  3.19546660e+01  2.38580000e-02  4.25657191e+02  
1.64626621e+04  gen3perm2       2.62200000e-02  7.05740000e-02  1.09002770e+01  4.90440000e-02  2.38580000e-02  4.25657191e+02  
1.64644535e+04  gen2perm5       2.61150000e-02  1.40160050e+01  1.05320920e+01  2.80077280e+01  2.38580000e-02  4.25657191e+02  
1.64657932e+04  gen5perm3       2.65660000e-02  7.05740000e-02  9.74337800e+00  2.80077280e+01  2.25530000e-02  4.25657191e+02  
1.64676189e+04  gen4perm4       2.59360000e-02  7.05740000e-02  1.05231240e+01  2.87140560e+01  2.38580000e-02  4.25657191e+02  
1.64859485e+04  gen6perm10      2.49810000e-02  7.05740000e-02  1.05320920e+01  2.77503160e+01  2.38580000e-02  4.25657191e+02  
1.65057339e+04  gen3perm5       2.58960000e-02  3.60640000e-02  1.56317600e+01  2.54581030e+01  2.38580000e-02  1.48805212e+02  
1.67552519e+04  gen1perm10      1.93420000e-02  1.18000000e-03  1.62309280e+02  9.78860000e-02  1.64691800e+00  2.18565100e+00  
1.69542287e+04  gen1perm6       7.34520000e-02  1.40160050e+01  4.17400000e-03  7.37897349e+02  6.50785750e+01  4.77815300e+00  
1.69670095e+04  gen1perm1       2.54487000e-01  6.00800000e-03  4.49600000e-03  9.85251508e+02  2.03960000e-02  1.19562300e+00  
1.69768846e+04  gen2perm9       3.70020000e-02  1.52118000e-01  3.60197400e+01  1.64300000e-03  2.71900000e-03  1.22830000e-02  
1.69769826e+04  gen1perm5       8.52018600e+01  6.18631979e+02  2.24104000e-01  1.74476000e-01  6.57973785e+02  7.31496000e-01  
1.69771541e+04  gen1perm8       4.33640000e-02  4.87273600e+00  9.69250641e+02  1.00220000e-02  4.05715990e+02  1.24639613e+02  
1.87143484e+04  gen2perm6       7.34520000e-02  7.05740000e-02  4.17400000e-03  7.37897349e+02  7.00830240e+01  4.77815300e+00  
1.87227562e+04  gen2perm7       7.47700000e-02  1.40160050e+01  4.17400000e-03  7.48343900e+02  6.50785750e+01  4.77815300e+00  
1.87538493e+04  gen1perm2       2.18060859e+02  1.26731240e+02  8.06080000e-02  4.14800000e-03  1.86000000e-03  7.41219900e+00  
